0 0.373437 0.976562 0.006250 0.006250
0 0.455469 0.963281 0.004687 0.004687
0 0.400781 0.932031 0.023438 0.020313
0 0.625000 0.871875 0.003125 0.003125
0 0.566406 0.849219 0.004687 0.004687
0 0.451562 0.850000 0.006250 0.006250
0 0.342187 0.840625 0.003125 0.003125
0 0.675781 0.815625 0.007812 0.006250
0 0.267188 0.812500 0.003125 0.003125
0 0.882812 0.796875 0.003125 0.003125
0 0.635938 0.801562 0.015625 0.015625
0 0.607812 0.800000 0.009375 0.012500
0 0.504687 0.796875 0.015625 0.015625
0 0.288281 0.790625 0.004687 0.003125
0 0.725000 0.761719 0.018750 0.017188
0 0.510938 0.742188 0.003125 0.003125
0 0.635156 0.736719 0.004687 0.004687
0 0.298438 0.746875 0.037500 0.034375
0 0.571094 0.731250 0.035937 0.034375
0 0.436719 0.734375 0.045312 0.046875
0 0.578125 0.689063 0.006250 0.006250
0 0.451562 0.687500 0.003125 0.003125
0 0.639844 0.680469 0.007812 0.007812
0 0.335938 0.670312 0.003125 0.003125
0 0.474219 0.672656 0.020313 0.023438
0 0.661719 0.649219 0.007812 0.007812
0 0.506250 0.646094 0.003125 0.004687
0 0.485938 0.645312 0.003125 0.003125
0 0.580469 0.644531 0.004687 0.004687
0 0.500000 0.642969 0.003125 0.004687
0 0.536719 0.639062 0.004687 0.003125
0 0.445312 0.637500 0.003125 0.003125
0 0.488281 0.636719 0.007812 0.007812
0 0.483594 0.634375 0.004687 0.003125
0 0.122656 0.635156 0.004687 0.004687
0 0.568750 0.632812 0.003125 0.003125
0 0.523438 0.632812 0.003125 0.003125
0 0.545312 0.629687 0.003125 0.003125
0 0.528906 0.629687 0.004687 0.003125
0 0.453125 0.628125 0.003125 0.003125
0 0.567187 0.625000 0.003125 0.003125
0 0.523438 0.624219 0.006250 0.007812
0 0.468750 0.621875 0.003125 0.003125
0 0.553125 0.620313 0.003125 0.003125
0 0.526563 0.620313 0.003125 0.003125
0 0.567187 0.619531 0.003125 0.004687
0 0.422656 0.618750 0.007812 0.003125
0 0.557031 0.617969 0.007812 0.007812
0 0.571875 0.614062 0.003125 0.003125
0 0.550781 0.610938 0.004687 0.003125
0 0.542969 0.616406 0.014063 0.014063
0 0.561719 0.608594 0.004687 0.004687
0 0.569531 0.607031 0.004687 0.004687
0 0.577344 0.607031 0.007812 0.007812
0 0.577344 0.600000 0.004687 0.003125
0 0.323437 0.599219 0.006250 0.004687
0 0.573438 0.596875 0.003125 0.003125
0 0.292969 0.604688 0.026562 0.028125
0 0.583594 0.594531 0.010937 0.010937
0 0.778125 0.602344 0.028125 0.029687
0 0.561719 0.589063 0.004687 0.006250
0 0.585938 0.585938 0.006250 0.003125
0 0.400000 0.586719 0.006250 0.004687
0 0.578906 0.582812 0.004687 0.003125
0 0.595313 0.579688 0.003125 0.003125
0 0.571094 0.583594 0.010937 0.010937
0 0.564844 0.577344 0.004687 0.004687
0 0.395313 0.571094 0.006250 0.004687
0 0.619531 0.569531 0.004687 0.004687
0 0.389062 0.568750 0.003125 0.003125
0 0.226562 0.564844 0.003125 0.004687
0 0.604688 0.554688 0.003125 0.003125
0 0.167187 0.515625 0.006250 0.006250
0 0.587500 0.493750 0.003125 0.003125
0 0.579688 0.489063 0.003125 0.003125
0 0.573438 0.488281 0.006250 0.004687
0 0.832812 0.485938 0.003125 0.003125
0 0.569531 0.486719 0.007812 0.004687
0 0.564063 0.481250 0.003125 0.003125
0 0.578125 0.479687 0.003125 0.003125
0 0.569531 0.478125 0.004687 0.003125
0 0.559375 0.478906 0.006250 0.004687
0 0.385937 0.469531 0.006250 0.004687
0 0.262500 0.475781 0.012500 0.017188
0 0.559375 0.465625 0.003125 0.003125
0 0.549219 0.470313 0.014063 0.015625
0 0.546875 0.460938 0.003125 0.003125
0 0.394531 0.457031 0.004687 0.004687
0 0.946094 0.450781 0.004687 0.004687
0 0.286719 0.451562 0.004687 0.006250
0 0.118750 0.450000 0.006250 0.006250
0 0.176563 0.449219 0.009375 0.007812
0 0.571094 0.446094 0.004687 0.004687
0 0.540625 0.443750 0.003125 0.003125
0 0.197656 0.445312 0.007812 0.006250
0 0.414844 0.442188 0.004687 0.003125
0 0.417187 0.436719 0.003125 0.004687
0 0.350000 0.447656 0.031250 0.035937
0 0.441406 0.425000 0.004687 0.003125
0 0.074219 0.425000 0.010937 0.009375
0 0.526563 0.421875 0.003125 0.006250
0 0.456250 0.414844 0.003125 0.004687
0 0.469531 0.407813 0.004687 0.003125
0 0.442969 0.414062 0.014063 0.015625
0 0.481250 0.398438 0.003125 0.003125
0 0.495312 0.393750 0.003125 0.003125
0 0.761719 0.393750 0.045312 0.028125
0 0.454688 0.506250 0.303125 0.259375
0 0.614844 0.377344 0.004687 0.004687
0 0.875000 0.376563 0.006250 0.006250
0 0.638281 0.369531 0.010937 0.007812
0 0.251563 0.371875 0.015625 0.012500
0 0.332813 0.388281 0.062500 0.048438
0 0.906250 0.364063 0.003125 0.003125
0 0.325781 0.364063 0.004687 0.006250
0 0.385937 0.349219 0.006250 0.004687
0 0.300000 0.355469 0.021875 0.023438
0 0.657031 0.310156 0.007812 0.004687
0 0.517188 0.309375 0.009375 0.006250
0 0.375000 0.299219 0.025000 0.020313
0 0.265625 0.297656 0.025000 0.026562
0 0.671875 0.284375 0.006250 0.006250
0 0.160938 0.281250 0.003125 0.003125
0 0.400000 0.278906 0.025000 0.023438
0 0.835156 0.262500 0.010937 0.009375
0 0.518750 0.259375 0.006250 0.006250
0 0.656250 0.246094 0.003125 0.004687
0 0.599219 0.278906 0.067187 0.073438
0 0.473438 0.286719 0.068750 0.095312
0 0.518750 0.242969 0.015625 0.014063
0 0.660156 0.229687 0.007812 0.006250
0 0.405469 0.228906 0.007812 0.007812
0 0.746094 0.217969 0.007812 0.007812
0 0.720313 0.184375 0.003125 0.003125
0 0.368750 0.189062 0.012500 0.012500
0 0.380469 0.159375 0.004687 0.003125
0 0.846875 0.135156 0.012500 0.010937
0 0.602344 0.134375 0.029687 0.028125
0 0.546094 0.106250 0.023438 0.025000
0 0.453906 0.054688 0.010937 0.009375