0 0.740625 0.997656 0.009375 0.004687
0 0.059375 0.997656 0.003125 0.004687
0 0.081250 0.995313 0.003125 0.006250
0 0.158594 0.991406 0.004687 0.004687
0 0.054688 0.987500 0.003125 0.003125
0 0.589844 0.983594 0.004687 0.004687
0 0.081250 0.983594 0.003125 0.004687
0 0.076563 0.982812 0.003125 0.003125
0 0.061719 0.985156 0.007812 0.007812
0 0.550000 0.979688 0.003125 0.003125
0 0.555469 0.978906 0.004687 0.007812
0 0.200000 0.977344 0.003125 0.004687
0 0.095312 0.973437 0.003125 0.003125
0 0.571875 0.970313 0.006250 0.006250
0 0.560937 0.968750 0.003125 0.003125
0 0.710938 0.965625 0.003125 0.003125
0 0.415625 0.964063 0.003125 0.003125
0 0.421875 0.957812 0.003125 0.003125
0 0.573438 0.954688 0.003125 0.003125
0 0.567187 0.956250 0.006250 0.006250
0 0.089063 0.954688 0.003125 0.003125
0 0.762500 0.953906 0.003125 0.004687
0 0.418750 0.943750 0.003125 0.003125
0 0.096875 0.943750 0.003125 0.003125
0 0.076563 0.948438 0.015625 0.012500
0 0.237500 0.942187 0.003125 0.003125
0 0.086719 0.942969 0.007812 0.007812
0 0.575000 0.939063 0.003125 0.003125
0 0.566406 0.947656 0.017188 0.020313
0 0.378125 0.939063 0.006250 0.003125
0 0.119531 0.941406 0.004687 0.007812
0 0.095312 0.939063 0.003125 0.003125
0 0.411719 0.935937 0.004687 0.003125
0 0.398438 0.939063 0.003125 0.009375
0 0.388281 0.936719 0.004687 0.004687
0 0.246875 0.935937 0.003125 0.003125
0 0.226562 0.935156 0.006250 0.010937
0 0.217969 0.939063 0.007812 0.018750
0 0.135156 0.931250 0.004687 0.003125
0 0.089063 0.931250 0.003125 0.003125
0 0.569531 0.930469 0.004687 0.004687
0 0.559375 0.931250 0.006250 0.006250
0 0.080469 0.930469 0.004687 0.004687
0 0.109375 0.927344 0.009375 0.004687
0 0.066406 0.923438 0.004687 0.003125
0 0.389844 0.924219 0.017188 0.010937
0 0.573438 0.919531 0.006250 0.004687
0 0.118750 0.918750 0.003125 0.003125
0 0.357812 0.921875 0.006250 0.015625
0 0.109375 0.917188 0.006250 0.006250
0 0.096875 0.921094 0.009375 0.014063
0 0.586719 0.914844 0.004687 0.004687
0 0.371094 0.925000 0.017188 0.025000
0 0.246875 0.914062 0.003125 0.003125
0 0.158594 0.913281 0.004687 0.004687
0 0.084375 0.917188 0.009375 0.012500
0 0.387500 0.914062 0.009375 0.009375
0 0.364063 0.909375 0.003125 0.003125
0 0.225000 0.909375 0.003125 0.003125
0 0.109375 0.910937 0.006250 0.009375
0 0.071875 0.908594 0.006250 0.004687
0 0.156250 0.907031 0.003125 0.004687
0 0.389062 0.904687 0.003125 0.003125
0 0.358594 0.907031 0.004687 0.007812
0 0.368750 0.903906 0.012500 0.007812
0 0.156250 0.901563 0.003125 0.003125
0 0.382812 0.900000 0.003125 0.003125
0 0.362500 0.900000 0.003125 0.003125
0 0.109375 0.901563 0.006250 0.006250
0 0.100000 0.906250 0.009375 0.015625
0 0.985156 0.898438 0.004687 0.003125
0 0.350000 0.898438 0.003125 0.003125
0 0.109375 0.894531 0.003125 0.004687
0 0.116406 0.892188 0.004687 0.006250
0 0.157031 0.889844 0.004687 0.004687
0 0.376563 0.891406 0.006250 0.010937
0 0.104688 0.887500 0.003125 0.003125
0 0.164062 0.886719 0.003125 0.004687
0 0.121875 0.885938 0.003125 0.006250
0 0.144531 0.882812 0.007812 0.003125
0 0.332813 0.881250 0.003125 0.003125
0 0.121875 0.878125 0.003125 0.003125
0 0.756250 0.875000 0.003125 0.003125
0 0.110937 0.878906 0.006250 0.010937
0 0.100000 0.876563 0.006250 0.009375
0 0.139063 0.868750 0.003125 0.003125
0 0.131250 0.868750 0.003125 0.003125
0 0.122656 0.869531 0.004687 0.004687
0 0.329688 0.867969 0.003125 0.004687
0 0.392969 0.867188 0.004687 0.006250
0 0.351562 0.866406 0.009375 0.004687
0 0.150000 0.867188 0.003125 0.006250
0 0.279687 0.864062 0.006250 0.003125
0 0.127344 0.864062 0.004687 0.003125
0 0.391406 0.860156 0.004687 0.004687
0 0.309375 0.862500 0.012500 0.009375
0 0.159375 0.857812 0.003125 0.003125
0 0.125000 0.857031 0.003125 0.004687
0 0.351562 0.853125 0.003125 0.003125
0 0.281250 0.853125 0.003125 0.003125
0 0.372656 0.850781 0.004687 0.004687
0 0.320312 0.846875 0.003125 0.006250
0 0.588281 0.839844 0.004687 0.004687
0 0.365625 0.842187 0.009375 0.009375
0 0.243750 0.836719 0.003125 0.004687
0 0.321094 0.835156 0.004687 0.004687
0 0.065625 0.831250 0.003125 0.003125
0 0.590625 0.830469 0.006250 0.004687
0 0.310937 0.842187 0.012500 0.028125
0 0.271875 0.829688 0.006250 0.003125
0 0.250781 0.830469 0.004687 0.004687
0 0.151562 0.829688 0.003125 0.003125
0 0.260156 0.827344 0.004687 0.004687
0 0.329688 0.825781 0.003125 0.004687
0 0.303125 0.825000 0.003125 0.003125
0 0.145313 0.825000 0.003125 0.003125
0 0.334375 0.823438 0.003125 0.003125
0 0.313281 0.824219 0.007812 0.004687
0 0.268750 0.823438 0.003125 0.003125
0 0.598437 0.820312 0.003125 0.003125
0 0.681250 0.821094 0.006250 0.007812
0 0.210938 0.819531 0.003125 0.004687
0 0.204687 0.819531 0.003125 0.004687
0 0.278125 0.820312 0.012500 0.009375
0 0.350000 0.815625 0.003125 0.003125
0 0.268750 0.815625 0.003125 0.003125
0 0.582812 0.818750 0.009375 0.012500
0 0.206250 0.814063 0.003125 0.003125
0 0.369531 0.821094 0.020313 0.026562
0 0.353125 0.809375 0.003125 0.003125
0 0.330469 0.807813 0.004687 0.003125
0 0.272656 0.809375 0.007812 0.009375
0 0.374219 0.805469 0.004687 0.004687
0 0.589844 0.801562 0.004687 0.003125
0 0.134375 0.801562 0.003125 0.003125
0 0.100781 0.801562 0.004687 0.003125
0 0.317188 0.800000 0.009375 0.003125
0 0.295312 0.801562 0.003125 0.006250
0 0.179688 0.800781 0.006250 0.004687
0 0.146875 0.805469 0.009375 0.014063
0 0.058594 0.801562 0.004687 0.006250
0 0.065625 0.798438 0.003125 0.003125
0 0.051562 0.798438 0.003125 0.003125
0 0.587500 0.796875 0.003125 0.003125
0 0.375000 0.796875 0.003125 0.003125
0 0.365625 0.797656 0.006250 0.004687
0 0.245312 0.795312 0.003125 0.003125
0 0.590625 0.793750 0.003125 0.003125
0 0.292187 0.796094 0.003125 0.007812
0 0.270313 0.793750 0.003125 0.003125
0 0.164062 0.796094 0.012500 0.007812
0 0.366406 0.791406 0.004687 0.004687
0 0.298438 0.787500 0.003125 0.003125
0 0.286719 0.799219 0.017188 0.026562
0 0.096875 0.787500 0.003125 0.003125
0 0.123438 0.786719 0.003125 0.004687
0 0.378125 0.786719 0.006250 0.007812
0 0.033594 0.785156 0.004687 0.004687
0 0.378906 0.778906 0.007812 0.004687
0 0.343750 0.778125 0.003125 0.003125
0 0.167969 0.779687 0.004687 0.006250
0 0.161719 0.778125 0.004687 0.003125
0 0.279687 0.778125 0.006250 0.006250
0 0.353906 0.778906 0.014063 0.010937
0 0.332813 0.777344 0.012500 0.007812
0 0.304688 0.784375 0.018750 0.021875
0 0.097656 0.776563 0.004687 0.006250
0 0.075000 0.775000 0.006250 0.003125
0 0.048438 0.775000 0.003125 0.003125
0 0.214062 0.773438 0.003125 0.003125
0 0.135937 0.772656 0.003125 0.004687
0 0.092188 0.777344 0.009375 0.014063
0 0.023438 0.771875 0.003125 0.003125
0 0.176563 0.779687 0.012500 0.021875
0 0.164062 0.770312 0.003125 0.003125
0 0.123438 0.771094 0.003125 0.004687
0 0.062500 0.770312 0.003125 0.003125
0 0.672656 0.775781 0.007812 0.017188
0 0.292969 0.769531 0.004687 0.004687
0 0.198437 0.768750 0.003125 0.003125
0 0.382031 0.769531 0.007812 0.007812
0 0.204687 0.767188 0.003125 0.003125
0 0.175781 0.767188 0.004687 0.003125
0 0.053125 0.766406 0.003125 0.004687
0 0.189062 0.764062 0.003125 0.003125
0 0.158594 0.764062 0.007812 0.006250
0 0.117188 0.761719 0.003125 0.004687
0 0.378906 0.758594 0.004687 0.004687
0 0.207813 0.757812 0.003125 0.003125
0 0.142969 0.759375 0.007812 0.006250
0 0.369531 0.756250 0.007812 0.006250
0 0.215625 0.754687 0.003125 0.003125
0 0.112500 0.754687 0.003125 0.003125
0 0.090625 0.755469 0.003125 0.004687
0 0.562500 0.753906 0.003125 0.004687
0 0.351562 0.763281 0.012500 0.023438
0 0.028125 0.753125 0.003125 0.003125
0 0.095312 0.760938 0.012500 0.021875
0 0.598437 0.748437 0.003125 0.003125
0 0.202344 0.748437 0.004687 0.003125
0 0.207813 0.746875 0.003125 0.003125
0 0.121875 0.747656 0.006250 0.004687
0 0.108594 0.746094 0.007812 0.004687
0 0.170313 0.744531 0.003125 0.004687
0 0.351562 0.743750 0.003125 0.006250
0 0.366406 0.741406 0.004687 0.004687
0 0.106250 0.741406 0.003125 0.004687
0 0.553125 0.740625 0.009375 0.006250
0 0.712500 0.737500 0.003125 0.003125
0 0.389844 0.737500 0.007812 0.006250
0 0.341406 0.736719 0.004687 0.004687
0 0.195312 0.735938 0.003125 0.003125
0 0.575000 0.736719 0.012500 0.007812
0 0.383594 0.736719 0.004687 0.007812
0 0.369531 0.735938 0.004687 0.006250
0 0.321094 0.754687 0.023438 0.043750
0 0.550781 0.732812 0.007812 0.003125
0 0.119531 0.732812 0.004687 0.003125
0 0.003125 0.732812 0.003125 0.003125
0 0.389062 0.732031 0.003125 0.004687
0 0.329688 0.736719 0.015625 0.014063
0 0.189062 0.725000 0.003125 0.003125
0 0.563281 0.723437 0.004687 0.003125
0 0.355469 0.725781 0.004687 0.007812
0 0.156250 0.723437 0.003125 0.003125
0 0.350000 0.721875 0.003125 0.003125
0 0.314063 0.724219 0.006250 0.007812
0 0.288281 0.746094 0.042188 0.051562
0 0.205469 0.721875 0.007812 0.006250
0 0.021875 0.723437 0.006250 0.009375
0 0.385937 0.719531 0.003125 0.004687
0 0.263281 0.717969 0.004687 0.004687
0 0.319531 0.721094 0.017188 0.014063
0 0.203906 0.715625 0.004687 0.003125
0 0.386719 0.714063 0.004687 0.003125
0 0.268750 0.714063 0.003125 0.003125
0 0.552344 0.716406 0.014063 0.010937
0 0.026562 0.713281 0.003125 0.004687
0 0.377344 0.712500 0.004687 0.006250
0 0.050781 0.712500 0.004687 0.006250
0 0.296875 0.714063 0.012500 0.012500
0 0.212500 0.709375 0.003125 0.003125
0 0.984375 0.706250 0.003125 0.003125
0 0.337500 0.711719 0.009375 0.014063
0 0.141406 0.707812 0.004687 0.006250
0 0.111719 0.721875 0.035937 0.034375
0 0.281250 0.703125 0.003125 0.003125
0 0.218750 0.703125 0.003125 0.003125
0 0.392188 0.703906 0.003125 0.007812
0 0.052344 0.703125 0.007812 0.006250
0 0.322656 0.706250 0.010937 0.015625
0 0.235156 0.709375 0.020313 0.021875
0 0.086719 0.700781 0.004687 0.004687
0 0.571875 0.698438 0.006250 0.003125
0 0.091406 0.698438 0.004687 0.003125
0 0.207813 0.696875 0.003125 0.003125
0 0.365625 0.695312 0.006250 0.003125
0 0.142187 0.697656 0.006250 0.007812
0 0.564063 0.697656 0.009375 0.010937
0 0.117188 0.698438 0.009375 0.012500
0 0.101562 0.696875 0.012500 0.009375
0 0.331250 0.695312 0.003125 0.009375
0 0.238281 0.693750 0.007812 0.006250
0 0.111719 0.692969 0.004687 0.004687
0 0.354687 0.689063 0.003125 0.003125
0 0.302344 0.690625 0.004687 0.006250
0 0.214062 0.687500 0.003125 0.003125
0 0.188281 0.691406 0.007812 0.010937
0 0.131250 0.687500 0.003125 0.003125
0 0.286719 0.688281 0.007812 0.007812
0 0.267188 0.685937 0.003125 0.003125
0 0.230469 0.688281 0.004687 0.007812
0 0.124219 0.685937 0.004687 0.003125
0 0.570312 0.686719 0.009375 0.007812
0 0.319531 0.684375 0.004687 0.009375
0 0.309375 0.693750 0.012500 0.028125
0 0.084375 0.681250 0.006250 0.003125
0 0.390625 0.679688 0.006250 0.009375
0 0.582031 0.678125 0.004687 0.009375
0 0.185938 0.675781 0.006250 0.004687
0 0.137500 0.675000 0.003125 0.003125
0 0.353125 0.674219 0.006250 0.004687
0 0.192188 0.673438 0.003125 0.003125
0 0.112500 0.673438 0.006250 0.006250
0 0.100781 0.679688 0.017188 0.018750
0 0.125781 0.675781 0.010937 0.014063
0 0.087500 0.676562 0.012500 0.015625
0 0.587500 0.669531 0.003125 0.004687
0 0.535937 0.669531 0.003125 0.004687
0 0.380469 0.672656 0.004687 0.010937
0 0.207813 0.668750 0.003125 0.003125
0 0.198437 0.669531 0.003125 0.004687
0 0.292187 0.665625 0.003125 0.003125
0 0.269531 0.666406 0.004687 0.004687
0 0.107031 0.668750 0.014063 0.009375
0 0.369531 0.663281 0.004687 0.004687
0 0.192188 0.662500 0.003125 0.003125
0 0.225000 0.682031 0.028125 0.045312
0 0.207813 0.662500 0.003125 0.006250
0 0.553906 0.660937 0.004687 0.006250
0 0.138281 0.664062 0.010937 0.015625
0 0.560937 0.659375 0.006250 0.009375
0 0.127344 0.658594 0.007812 0.007812
0 0.191406 0.655469 0.004687 0.004687
0 0.243750 0.653125 0.003125 0.006250
0 0.230469 0.653906 0.004687 0.007812
0 0.283594 0.651563 0.007812 0.006250
0 0.242188 0.643750 0.003125 0.003125
0 0.151562 0.644531 0.003125 0.004687
0 0.282031 0.643750 0.004687 0.006250
0 0.212500 0.646875 0.025000 0.012500
0 0.142969 0.643750 0.004687 0.006250
0 0.128125 0.645312 0.006250 0.009375
0 0.296875 0.642969 0.006250 0.007812
0 0.270313 0.641406 0.003125 0.004687
0 0.235156 0.639844 0.004687 0.004687
0 0.217969 0.639062 0.007812 0.003125
0 0.372656 0.642188 0.014063 0.018750
0 0.275000 0.644531 0.012500 0.023438
0 0.260937 0.634375 0.003125 0.003125
0 0.228906 0.634375 0.004687 0.003125
0 0.339844 0.631250 0.004687 0.003125
0 0.114062 0.631250 0.006250 0.003125
0 0.131250 0.628906 0.003125 0.004687
0 0.211719 0.635156 0.023438 0.020313
0 0.200781 0.628906 0.010937 0.007812
0 0.282813 0.625000 0.003125 0.003125
0 0.266406 0.628906 0.014063 0.010937
0 0.550781 0.626563 0.007812 0.009375
0 0.237500 0.625781 0.003125 0.007812
0 0.374219 0.619531 0.004687 0.004687
0 0.353125 0.619531 0.012500 0.004687
0 0.271875 0.617969 0.003125 0.004687
0 0.260156 0.617188 0.007812 0.006250
0 0.273438 0.612500 0.003125 0.003125
0 0.225781 0.620313 0.023438 0.018750
0 0.130469 0.612500 0.004687 0.003125
0 0.121094 0.615625 0.007812 0.009375
0 0.093750 0.614062 0.009375 0.006250
0 0.112500 0.612500 0.006250 0.006250
0 0.104688 0.611719 0.003125 0.004687
0 0.357812 0.609375 0.003125 0.003125
0 0.218750 0.609375 0.003125 0.003125
0 0.267188 0.609375 0.003125 0.006250
0 0.240625 0.609375 0.009375 0.009375
0 0.139063 0.604688 0.003125 0.003125
0 0.092188 0.603125 0.006250 0.006250
0 0.235156 0.600781 0.004687 0.004687
0 0.385937 0.600000 0.003125 0.006250
0 0.242188 0.599219 0.003125 0.004687
0 0.361719 0.595313 0.004687 0.003125
0 0.259375 0.601562 0.012500 0.015625
0 0.324219 0.592187 0.007812 0.006250
0 0.220312 0.599219 0.028125 0.020313
0 0.385156 0.590625 0.004687 0.006250
0 0.553906 0.587500 0.004687 0.003125
0 0.362500 0.588281 0.003125 0.004687
0 0.091406 0.590625 0.007812 0.009375
0 0.228125 0.585938 0.009375 0.006250
0 0.259375 0.583594 0.006250 0.004687
0 0.339844 0.582812 0.007812 0.006250
0 0.246875 0.582031 0.006250 0.004687
0 0.239063 0.581250 0.003125 0.003125
0 0.164062 0.581250 0.003125 0.003125
0 0.355469 0.580469 0.014063 0.007812
0 0.331250 0.582812 0.009375 0.012500
0 0.087500 0.580469 0.006250 0.007812
0 0.564063 0.578125 0.006250 0.006250
0 0.346094 0.576562 0.004687 0.003125
0 0.283594 0.579688 0.007812 0.009375
0 0.249219 0.587500 0.023438 0.025000
0 0.352344 0.575000 0.004687 0.003125
0 0.375000 0.577344 0.012500 0.010937
0 0.301563 0.573438 0.003125 0.003125
0 0.360938 0.571875 0.003125 0.003125
0 0.545312 0.570312 0.003125 0.003125
0 0.365625 0.570312 0.003125 0.003125
0 0.345313 0.570312 0.003125 0.003125
0 0.352344 0.569531 0.004687 0.004687
0 0.315625 0.625781 0.065625 0.117188
0 0.082812 0.568750 0.003125 0.003125
0 0.231250 0.568750 0.006250 0.006250
0 0.363281 0.566406 0.004687 0.004687
0 0.283594 0.564844 0.004687 0.004687
0 0.357812 0.564063 0.003125 0.006250
0 0.311719 0.561719 0.007812 0.007812
0 0.092188 0.560156 0.003125 0.004687
0 0.297656 0.561719 0.007812 0.010937
0 0.274219 0.558594 0.004687 0.010937
0 0.220312 0.555469 0.003125 0.004687
0 0.156250 0.553125 0.003125 0.003125
0 0.093750 0.552344 0.003125 0.004687
0 0.059375 0.551562 0.003125 0.003125
0 0.069531 0.550000 0.004687 0.003125
0 0.324219 0.551562 0.007812 0.015625
0 0.296094 0.542969 0.004687 0.004687
0 0.382812 0.537500 0.003125 0.003125
0 0.364844 0.540625 0.007812 0.012500
0 0.086719 0.543750 0.004687 0.018750
0 0.067187 0.534375 0.003125 0.003125
0 0.320312 0.536719 0.006250 0.010937
0 0.540625 0.532031 0.006250 0.004687
0 0.086719 0.531250 0.004687 0.003125
0 0.381250 0.528125 0.003125 0.003125
0 0.362500 0.525000 0.003125 0.003125
0 0.326562 0.525000 0.003125 0.003125
0 0.352344 0.528125 0.017188 0.012500
0 0.333594 0.528125 0.007812 0.012500
0 0.298438 0.524219 0.006250 0.004687
0 0.385937 0.521094 0.003125 0.004687
0 0.084375 0.521094 0.009375 0.007812
0 0.543750 0.519531 0.003125 0.007812
0 0.392188 0.515625 0.003125 0.003125
0 0.340625 0.516406 0.012500 0.007812
0 0.323437 0.514062 0.006250 0.006250
0 0.362500 0.510938 0.009375 0.006250
0 0.554688 0.507812 0.003125 0.003125
0 0.357031 0.507031 0.004687 0.004687
0 0.545312 0.507812 0.009375 0.009375
0 0.383594 0.506250 0.007812 0.009375
0 0.361719 0.502344 0.004687 0.004687
0 0.381250 0.498437 0.003125 0.003125
0 0.388281 0.496875 0.004687 0.006250
0 0.339062 0.498437 0.009375 0.009375
0 0.069531 0.496875 0.004687 0.006250
0 0.511719 0.492969 0.007812 0.004687
0 0.311719 0.500000 0.014063 0.018750
0 0.087500 0.495312 0.009375 0.009375
0 0.567187 0.489063 0.003125 0.003125
0 0.534375 0.487500 0.003125 0.003125
0 0.357812 0.489844 0.009375 0.007812
0 0.512500 0.485938 0.003125 0.003125
0 0.553906 0.482031 0.004687 0.004687
0 0.393750 0.482031 0.003125 0.004687
0 0.035937 0.480469 0.006250 0.004687
0 0.514844 0.480469 0.004687 0.007812
0 0.319531 0.481250 0.004687 0.009375
0 0.362500 0.483594 0.015625 0.020313
0 0.567969 0.472656 0.004687 0.004687
0 0.098437 0.471875 0.003125 0.003125
0 0.537500 0.470313 0.003125 0.003125
0 0.551562 0.469531 0.003125 0.004687
0 0.383594 0.471094 0.010937 0.010937
0 0.313281 0.470313 0.007812 0.009375
0 0.052344 0.470313 0.007812 0.009375
0 0.373437 0.465625 0.003125 0.003125
0 0.360938 0.469531 0.006250 0.010937
0 0.340625 0.465625 0.003125 0.003125
0 0.085938 0.464062 0.003125 0.003125
0 0.095312 0.464062 0.003125 0.006250
0 0.268750 0.459375 0.003125 0.003125
0 0.308594 0.457813 0.004687 0.003125
0 0.034375 0.458594 0.006250 0.004687
0 0.303125 0.456250 0.003125 0.003125
0 0.092969 0.457031 0.004687 0.007812
0 0.268750 0.453125 0.003125 0.003125
0 0.075000 0.453906 0.003125 0.004687
0 0.070312 0.453125 0.003125 0.003125
0 0.557813 0.451562 0.003125 0.003125
0 0.360156 0.456250 0.007812 0.012500
0 0.017969 0.450781 0.004687 0.004687
0 0.538281 0.448437 0.004687 0.003125
0 0.525781 0.448437 0.004687 0.003125
0 0.351562 0.449219 0.003125 0.004687
0 0.312500 0.448437 0.003125 0.003125
0 0.175000 0.448437 0.003125 0.003125
0 0.301563 0.447656 0.003125 0.004687
0 0.160938 0.447656 0.003125 0.004687
0 0.106250 0.447656 0.006250 0.004687
0 0.076563 0.446875 0.003125 0.003125
0 0.545312 0.444531 0.003125 0.004687
0 0.182812 0.444531 0.003125 0.004687
0 0.025000 0.451562 0.009375 0.018750
0 0.057031 0.583594 0.114062 0.282813
0 0.162500 0.439844 0.003125 0.004687
0 0.376563 0.438281 0.003125 0.004687
0 0.176563 0.438281 0.003125 0.004687
0 0.305469 0.437500 0.004687 0.006250
0 0.058594 0.454688 0.045312 0.040625
0 0.039062 0.442188 0.012500 0.015625
0 0.026562 0.435937 0.003125 0.003125
0 0.372656 0.431250 0.004687 0.003125
0 0.005469 0.437500 0.007812 0.015625
0 0.025781 0.430469 0.004687 0.004687
0 0.003125 0.431250 0.003125 0.006250
0 0.545312 0.428906 0.003125 0.004687
0 0.382812 0.426563 0.003125 0.003125
0 0.073438 0.439844 0.018750 0.029687
0 0.069531 0.425000 0.004687 0.003125
0 0.527344 0.428125 0.010937 0.012500
0 0.377344 0.425000 0.004687 0.006250
0 0.371875 0.424219 0.003125 0.004687
0 0.039062 0.423438 0.006250 0.006250
0 0.030469 0.423438 0.004687 0.006250
0 0.175000 0.420312 0.003125 0.003125
0 0.073438 0.420312 0.003125 0.003125
0 0.003125 0.422656 0.006250 0.007812
0 0.567187 0.419531 0.003125 0.004687
0 0.363281 0.421875 0.007812 0.012500
0 0.040625 0.417187 0.003125 0.003125
0 0.026562 0.418750 0.006250 0.006250
0 0.350781 0.415625 0.004687 0.003125
0 0.147656 0.415625 0.004687 0.003125
0 0.067187 0.416406 0.003125 0.004687
0 0.354687 0.414062 0.003125 0.003125
0 0.072656 0.414062 0.007812 0.003125
0 0.062500 0.413281 0.003125 0.004687
0 0.039062 0.412500 0.003125 0.003125
0 0.548438 0.412500 0.003125 0.006250
0 0.367188 0.411719 0.003125 0.004687
0 0.393750 0.409375 0.003125 0.003125
0 0.077344 0.409375 0.004687 0.006250
0 0.177344 0.406250 0.007812 0.006250
0 0.254688 0.403125 0.003125 0.003125
0 0.151562 0.404687 0.003125 0.006250
0 0.160156 0.407031 0.007812 0.014063
0 0.539062 0.400000 0.003125 0.003125
0 0.139063 0.400781 0.003125 0.004687
0 0.509375 0.397656 0.006250 0.004687
0 0.312500 0.395313 0.003125 0.006250
0 0.004687 0.401562 0.009375 0.021875
0 0.540625 0.392969 0.006250 0.007812
0 0.359375 0.390625 0.003125 0.003125
0 0.147656 0.389062 0.004687 0.003125
0 0.001563 0.387500 0.003125 0.003125
0 0.539062 0.387500 0.009375 0.006250
0 0.567969 0.385156 0.007812 0.004687
0 0.153125 0.385156 0.003125 0.004687
0 0.145313 0.382812 0.003125 0.003125
0 0.376563 0.381250 0.006250 0.003125
0 0.160938 0.379688 0.003125 0.003125
0 0.004687 0.379688 0.009375 0.009375
0 0.578125 0.375000 0.003125 0.003125
0 0.361719 0.376563 0.004687 0.006250
0 0.553906 0.382812 0.007812 0.021875
0 0.181250 0.364844 0.003125 0.004687
0 0.150000 0.371094 0.018750 0.020313
0 0.348438 0.362500 0.003125 0.006250
0 0.163281 0.360938 0.010937 0.015625
0 0.001563 0.354687 0.003125 0.006250
0 0.905469 0.351562 0.004687 0.003125
0 0.341406 0.351562 0.007812 0.003125
0 0.551562 0.350000 0.003125 0.009375
0 0.007031 0.349219 0.014063 0.007812
0 0.145313 0.346875 0.015625 0.015625
0 0.479687 0.339062 0.003125 0.003125
0 0.162500 0.339062 0.003125 0.003125
0 0.180469 0.335938 0.004687 0.003125
0 0.932813 0.334375 0.003125 0.003125
0 0.157812 0.334375 0.006250 0.003125
0 0.575781 0.332813 0.007812 0.006250
0 0.177344 0.332813 0.007812 0.006250
0 0.121094 0.332031 0.004687 0.004687
0 0.927344 0.329688 0.004687 0.003125
0 0.485938 0.329688 0.006250 0.009375
0 0.167969 0.326562 0.004687 0.003125
0 0.124219 0.326562 0.004687 0.003125
0 0.145313 0.330469 0.009375 0.014063
0 0.582031 0.323437 0.004687 0.003125
0 0.696875 0.318750 0.003125 0.003125
0 0.564063 0.348438 0.037500 0.062500
0 0.157031 0.322656 0.010937 0.010937
0 0.140625 0.318750 0.003125 0.003125
0 0.289062 0.317969 0.003125 0.004687
0 0.189844 0.328125 0.014063 0.025000
0 0.129688 0.317969 0.003125 0.004687
0 0.912500 0.316406 0.003125 0.004687
0 0.081250 0.314063 0.003125 0.003125
0 0.582812 0.315625 0.006250 0.009375
0 0.579688 0.312500 0.003125 0.003125
0 0.148438 0.314063 0.003125 0.006250
0 0.575000 0.308594 0.003125 0.004687
0 0.567969 0.310156 0.007812 0.007812
0 0.201563 0.307812 0.003125 0.003125
0 0.614062 0.307031 0.006250 0.004687
0 0.579688 0.307031 0.003125 0.004687
0 0.184375 0.307031 0.006250 0.004687
0 0.591406 0.306250 0.007812 0.009375
0 0.292187 0.306250 0.015625 0.012500
0 0.203125 0.301563 0.006250 0.003125
0 0.150000 0.302344 0.003125 0.004687
0 0.135156 0.304688 0.004687 0.009375
0 0.264844 0.300000 0.004687 0.003125
0 0.305469 0.305469 0.007812 0.017188
0 0.125000 0.299219 0.003125 0.004687
0 0.582812 0.297656 0.006250 0.004687
0 0.193750 0.296875 0.003125 0.003125
0 0.117188 0.310937 0.018750 0.031250
0 0.097656 0.292969 0.004687 0.004687
0 0.955469 0.291406 0.004687 0.004687
0 0.122656 0.289062 0.004687 0.003125
0 0.115625 0.289062 0.006250 0.006250
0 0.104688 0.285938 0.006250 0.003125
0 0.275781 0.287500 0.004687 0.009375
0 0.942187 0.283594 0.003125 0.004687
0 0.621875 0.282813 0.003125 0.003125
0 0.628125 0.281250 0.006250 0.006250
0 0.667188 0.278125 0.003125 0.003125
0 0.092969 0.277344 0.004687 0.004687
0 0.698438 0.275000 0.003125 0.003125
0 0.589063 0.274219 0.003125 0.004687
0 0.565625 0.273438 0.003125 0.003125
0 0.278125 0.278125 0.012500 0.012500
0 0.290625 0.281250 0.012500 0.021875
0 0.611719 0.268750 0.004687 0.003125
0 0.589063 0.268750 0.003125 0.003125
0 0.169531 0.267188 0.007812 0.003125
0 0.486719 0.265625 0.004687 0.003125
0 0.721094 0.264062 0.004687 0.003125
0 0.120313 0.257812 0.003125 0.006250
0 0.225000 0.251563 0.003125 0.003125
0 0.125781 0.253125 0.004687 0.006250
0 0.943750 0.250000 0.003125 0.003125
0 0.279687 0.250781 0.006250 0.004687
0 0.177344 0.248438 0.004687 0.003125
0 0.085938 0.249219 0.009375 0.004687
0 0.237500 0.246094 0.003125 0.004687
0 0.223438 0.246094 0.003125 0.004687
0 0.113281 0.247656 0.004687 0.007812
0 0.071875 0.246094 0.006250 0.007812
0 0.599219 0.242969 0.004687 0.004687
0 0.496094 0.243750 0.007812 0.006250
0 0.478906 0.247656 0.010937 0.014063
0 0.469531 0.242969 0.004687 0.004687
0 0.142969 0.242969 0.007812 0.004687
0 0.087500 0.242969 0.003125 0.004687
0 0.166406 0.249219 0.023438 0.020313
0 0.107813 0.242969 0.006250 0.007812
0 0.065625 0.240625 0.003125 0.003125
0 0.093750 0.239844 0.003125 0.004687
0 0.076563 0.239063 0.006250 0.003125
0 0.603125 0.237500 0.006250 0.006250
0 0.512500 0.238281 0.006250 0.007812
0 0.492188 0.234375 0.003125 0.003125
0 0.185938 0.234375 0.003125 0.003125
0 0.127344 0.237500 0.007812 0.009375
0 0.067187 0.235156 0.009375 0.004687
0 0.229687 0.236719 0.009375 0.010937
0 0.639062 0.228125 0.003125 0.003125
0 0.467969 0.232813 0.004687 0.012500
0 0.062500 0.226562 0.006250 0.009375
0 0.059375 0.223438 0.003125 0.003125
0 0.646094 0.221875 0.004687 0.003125
0 0.210156 0.223438 0.004687 0.006250
0 0.191406 0.222656 0.010937 0.004687
0 0.482812 0.229687 0.025000 0.021875
0 0.053125 0.219531 0.006250 0.004687
0 0.125000 0.225000 0.018750 0.018750
0 0.506250 0.219531 0.003125 0.010937
0 0.498437 0.217188 0.003125 0.012500
0 0.490625 0.213281 0.003125 0.007812
0 0.471094 0.210938 0.004687 0.003125
0 0.518750 0.219531 0.015625 0.023438
0 0.482031 0.209375 0.010937 0.006250
0 0.044531 0.211719 0.010937 0.017188
0 0.050000 0.204687 0.006250 0.009375
0 0.467187 0.200781 0.003125 0.004687
0 0.040625 0.200000 0.003125 0.003125
0 0.837500 0.197656 0.003125 0.004687
0 0.506250 0.196875 0.003125 0.003125
0 0.642188 0.195312 0.003125 0.003125
0 0.499219 0.188281 0.004687 0.004687
0 0.484375 0.189062 0.006250 0.006250
0 0.906250 0.188281 0.006250 0.007812
0 0.492188 0.175000 0.003125 0.003125
0 0.037500 0.178125 0.006250 0.009375
0 0.485938 0.174219 0.003125 0.004687
0 0.039062 0.173437 0.003125 0.003125
0 0.498437 0.153125 0.003125 0.003125
0 0.423438 0.146875 0.003125 0.006250
0 0.482812 0.126562 0.003125 0.003125
0 0.500781 0.107813 0.007812 0.003125
0 0.606250 0.099219 0.003125 0.004687
0 0.507031 0.100781 0.014063 0.010937
0 0.026562 0.078906 0.003125 0.004687
0 0.564844 0.076563 0.004687 0.003125
0 0.042969 0.078125 0.004687 0.006250
0 0.567187 0.067969 0.003125 0.004687
0 0.030469 0.069531 0.014063 0.010937
0 0.535937 0.064844 0.003125 0.004687
0 0.422656 0.066406 0.007812 0.007812
0 0.508594 0.078125 0.026562 0.034375
0 0.443750 0.063281 0.003125 0.004687
0 0.529687 0.061719 0.003125 0.004687
0 0.575000 0.063281 0.009375 0.010937
0 0.439063 0.058594 0.006250 0.004687
0 0.318750 0.054688 0.003125 0.003125
0 0.040625 0.055469 0.006250 0.004687
0 0.581250 0.056250 0.006250 0.009375
0 0.026562 0.050781 0.003125 0.004687
0 0.593750 0.048438 0.003125 0.003125
0 0.553125 0.048438 0.003125 0.003125
0 0.498437 0.048438 0.003125 0.003125
0 0.030469 0.047656 0.004687 0.004687
0 0.316406 0.043750 0.004687 0.003125
0 0.011719 0.043750 0.007812 0.006250
0 0.049219 0.040625 0.004687 0.003125
0 0.587500 0.041406 0.006250 0.007812
0 0.513281 0.049219 0.032813 0.023438
0 0.034375 0.039844 0.003125 0.004687
0 0.554688 0.038281 0.003125 0.004687
0 0.354687 0.039844 0.006250 0.007812
0 0.023438 0.038281 0.006250 0.004687
0 0.339062 0.036719 0.003125 0.004687
0 0.370312 0.032813 0.003125 0.003125
0 0.535156 0.030469 0.004687 0.004687
0 0.376563 0.029687 0.003125 0.003125
0 0.351562 0.028906 0.006250 0.007812
0 0.526563 0.025000 0.003125 0.003125
0 0.314063 0.025000 0.003125 0.003125
0 0.585938 0.025781 0.006250 0.007812
0 0.018750 0.023438 0.003125 0.003125
0 0.534375 0.024219 0.006250 0.007812
0 0.519531 0.022656 0.004687 0.004687
0 0.582812 0.020313 0.003125 0.003125
0 0.568750 0.019531 0.003125 0.004687
0 0.510938 0.021875 0.006250 0.009375
0 0.367188 0.025000 0.021875 0.015625
0 0.576562 0.008594 0.006250 0.004687
0 0.521094 0.007812 0.004687 0.003125
0 0.557813 0.007031 0.003125 0.004687
0 0.021875 0.005469 0.003125 0.007812
0 0.701562 0.001563 0.006250 0.003125
0 0.614062 0.003125 0.003125 0.006250
0 0.374219 0.002344 0.004687 0.004687
0 0.344531 0.003125 0.004687 0.006250
0 0.304688 0.500000 0.581250 1.000000