0 0.717187 0.998437 0.009375 0.003125
0 0.740625 0.997656 0.003125 0.004687
0 0.683594 0.997656 0.004687 0.004687
0 0.705469 0.996875 0.007812 0.006250
0 0.657031 0.996875 0.014063 0.006250
0 0.768750 0.996094 0.003125 0.007812
0 0.750000 0.996094 0.012500 0.007812
0 0.689844 0.996094 0.004687 0.007812
0 0.646094 0.994531 0.004687 0.004687
0 0.632812 0.996094 0.012500 0.007812
0 0.760938 0.993750 0.006250 0.006250
0 0.518750 0.994531 0.015625 0.010937
0 0.637500 0.991406 0.009375 0.007812
0 0.504687 0.992969 0.025000 0.014063
0 0.762500 0.987500 0.006250 0.006250
0 0.736719 0.985156 0.004687 0.004687
0 0.729688 0.991406 0.015625 0.017188
0 0.668750 0.979688 0.003125 0.003125
0 0.653125 0.978906 0.003125 0.004687
0 0.479687 0.976562 0.003125 0.003125
0 0.640625 0.975781 0.003125 0.004687
0 0.531250 0.975000 0.003125 0.003125
0 0.745313 0.973437 0.006250 0.003125
0 0.756250 0.973437 0.003125 0.006250
0 0.752344 0.971875 0.004687 0.006250
0 0.692187 0.970313 0.003125 0.003125
0 0.650781 0.970313 0.004687 0.003125
0 0.515625 0.970313 0.003125 0.003125
0 0.537500 0.970313 0.006250 0.006250
0 0.492188 0.968750 0.003125 0.003125
0 0.766406 0.971094 0.007812 0.010937
0 0.764062 0.961719 0.003125 0.004687
0 0.750000 0.964063 0.003125 0.009375
0 0.233594 0.963281 0.014063 0.014063
0 0.767188 0.957031 0.009375 0.014063
0 0.468750 0.950000 0.003125 0.003125
0 0.228125 0.948438 0.006250 0.003125
0 0.517969 0.949219 0.004687 0.007812
0 0.768750 0.946094 0.003125 0.004687
0 0.504687 0.946875 0.018750 0.015625
0 0.770312 0.938281 0.003125 0.004687
0 0.535937 0.939063 0.006250 0.006250
0 0.512500 0.937500 0.003125 0.003125
0 0.764062 0.935156 0.003125 0.004687
0 0.392188 0.932031 0.006250 0.007812
0 0.385937 0.929688 0.003125 0.003125
0 0.692187 0.928125 0.003125 0.003125
0 0.498437 0.920312 0.006250 0.003125
0 0.886719 0.918750 0.004687 0.003125
0 0.902344 0.917969 0.004687 0.004687
0 0.895312 0.917188 0.003125 0.003125
0 0.870313 0.917188 0.003125 0.003125
0 0.759375 0.917188 0.006250 0.006250
0 0.477344 0.928125 0.032813 0.028125
0 0.867188 0.909375 0.003125 0.003125
0 0.573438 0.906250 0.003125 0.003125
0 0.885156 0.904687 0.004687 0.003125
0 0.485156 0.904687 0.004687 0.003125
0 0.478906 0.908594 0.007812 0.010937
0 0.891406 0.903906 0.004687 0.007812
0 0.576562 0.901563 0.003125 0.006250
0 0.306250 0.896875 0.006250 0.006250
0 0.484375 0.894531 0.006250 0.004687
0 0.780469 0.911719 0.054688 0.042188
0 0.743750 0.890625 0.003125 0.003125
0 0.307031 0.889844 0.004687 0.004687
0 0.806250 0.887500 0.003125 0.003125
0 0.752344 0.891406 0.007812 0.010937
0 0.901563 0.885938 0.003125 0.003125
0 0.889062 0.882812 0.003125 0.003125
0 0.333594 0.879687 0.004687 0.003125
0 0.631250 0.875781 0.003125 0.004687
0 0.628125 0.870313 0.003125 0.003125
0 0.590625 0.864062 0.003125 0.003125
0 0.848437 0.855469 0.003125 0.004687
0 0.712500 0.854688 0.003125 0.003125
0 0.690625 0.854688 0.003125 0.003125
0 0.718750 0.851562 0.003125 0.003125
0 0.405469 0.853125 0.004687 0.006250
0 0.368750 0.852344 0.006250 0.004687
0 0.880469 0.850781 0.004687 0.004687
0 0.653906 0.848437 0.004687 0.003125
0 0.846875 0.846875 0.003125 0.003125
0 0.592187 0.846875 0.003125 0.003125
0 0.671094 0.847656 0.004687 0.007812
0 0.621875 0.844531 0.006250 0.004687
0 0.664062 0.842969 0.009375 0.004687
0 0.305469 0.844531 0.010937 0.010937
0 0.670312 0.839063 0.006250 0.003125
0 0.240625 0.839063 0.003125 0.003125
0 0.215625 0.839844 0.006250 0.007812
0 0.237500 0.835938 0.003125 0.003125
0 0.350781 0.917188 0.276562 0.165625
0 0.585938 0.834375 0.003125 0.003125
0 0.240625 0.834375 0.003125 0.003125
0 0.590625 0.831250 0.003125 0.003125
0 0.700000 0.829688 0.003125 0.003125
0 0.232031 0.829688 0.004687 0.003125
0 0.275000 0.826562 0.006250 0.003125
0 0.242969 0.826562 0.007812 0.009375
0 0.690625 0.821875 0.003125 0.003125
0 0.667188 0.820312 0.006250 0.003125
0 0.660937 0.829688 0.021875 0.021875
0 0.607812 0.819531 0.003125 0.004687
0 0.592969 0.822656 0.010937 0.010937
0 0.678906 0.817187 0.004687 0.006250
0 0.769531 0.812500 0.004687 0.003125
0 0.703906 0.812500 0.004687 0.003125
0 0.689063 0.809375 0.009375 0.009375
0 0.708594 0.805469 0.004687 0.004687
0 0.771094 0.803906 0.004687 0.004687
0 0.693750 0.802344 0.003125 0.004687
0 0.676562 0.803906 0.006250 0.007812
0 0.906250 0.795312 0.003125 0.006250
0 0.646875 0.789844 0.006250 0.004687
0 0.645312 0.770312 0.003125 0.003125
0 0.746094 0.766406 0.004687 0.004687
0 0.753906 0.760938 0.007812 0.006250
0 0.732812 0.759375 0.003125 0.003125
0 0.725781 0.760938 0.010937 0.009375
0 0.707812 0.758594 0.003125 0.004687
0 0.746875 0.757031 0.006250 0.004687
0 0.665625 0.748437 0.003125 0.003125
0 0.954688 0.745313 0.003125 0.003125
0 0.729688 0.746094 0.003125 0.004687
0 0.964844 0.750000 0.017188 0.018750
0 0.735156 0.740625 0.004687 0.003125
0 0.732812 0.731250 0.006250 0.006250
0 0.760156 0.723437 0.004687 0.003125
0 0.760938 0.717187 0.003125 0.003125
0 0.749219 0.707031 0.007812 0.007812
0 0.754687 0.703906 0.006250 0.014063
0 0.746094 0.698438 0.004687 0.006250
0 0.857812 0.693750 0.006250 0.006250
0 0.756250 0.689063 0.009375 0.006250
0 0.741406 0.685937 0.004687 0.003125
0 0.881250 0.684375 0.003125 0.003125
0 0.876563 0.681250 0.006250 0.006250
0 0.709375 0.680469 0.006250 0.004687
0 0.702344 0.679688 0.004687 0.006250
0 0.728125 0.677344 0.003125 0.004687
0 0.959375 0.669531 0.003125 0.004687
0 0.708594 0.669531 0.004687 0.007812
0 0.743750 0.671875 0.018750 0.015625
0 0.851562 0.657813 0.003125 0.003125
0 0.846875 0.657813 0.003125 0.003125
0 0.852344 0.650781 0.010937 0.007812
0 0.760938 0.648438 0.003125 0.003125
0 0.747656 0.648438 0.004687 0.009375
0 0.735938 0.648438 0.009375 0.009375
0 0.906250 0.641406 0.003125 0.004687
0 0.767188 0.639062 0.003125 0.003125
0 0.732031 0.639844 0.004687 0.004687
0 0.740625 0.638281 0.006250 0.007812
0 0.867188 0.635156 0.003125 0.004687
0 0.741406 0.629687 0.007812 0.006250
0 0.906250 0.626563 0.003125 0.003125
0 0.901563 0.625781 0.003125 0.004687
0 0.892188 0.626563 0.006250 0.009375
0 0.839063 0.623437 0.003125 0.003125
0 0.747656 0.623437 0.004687 0.003125
0 0.907813 0.621875 0.003125 0.003125
0 0.869531 0.621875 0.010937 0.012500
0 0.984375 0.614062 0.003125 0.003125
0 0.732031 0.611719 0.004687 0.007812
0 0.870313 0.607812 0.006250 0.006250
0 0.748437 0.606250 0.003125 0.003125
0 0.883594 0.604688 0.004687 0.003125
0 0.982031 0.605469 0.004687 0.007812
0 0.973437 0.603906 0.006250 0.007812
0 0.892969 0.602344 0.004687 0.004687
0 0.880469 0.600781 0.004687 0.004687
0 0.892188 0.598437 0.003125 0.003125
0 0.992188 0.592187 0.003125 0.003125
0 0.850000 0.572656 0.006250 0.010937
0 0.876563 0.562500 0.003125 0.003125
0 0.836719 0.563281 0.004687 0.004687
0 0.882812 0.559375 0.006250 0.003125
0 0.891406 0.557813 0.004687 0.003125
0 0.832031 0.553125 0.004687 0.003125
0 0.892969 0.552344 0.004687 0.004687
0 0.905469 0.546875 0.004687 0.003125
0 0.795312 0.544531 0.006250 0.004687
0 0.911719 0.539844 0.004687 0.004687
0 0.896875 0.539844 0.012500 0.007812
0 0.878125 0.540625 0.012500 0.009375
0 0.781250 0.538281 0.006250 0.004687
0 0.819531 0.541406 0.020313 0.014063
0 0.917969 0.532813 0.004687 0.003125
0 0.829688 0.532813 0.003125 0.003125
0 0.811719 0.533594 0.004687 0.004687
0 0.784375 0.532031 0.003125 0.004687
0 0.860938 0.530469 0.006250 0.004687
0 0.818750 0.528125 0.003125 0.003125
0 0.803125 0.528906 0.003125 0.004687
0 0.871875 0.528125 0.006250 0.006250
0 0.882812 0.532813 0.015625 0.018750
0 0.830469 0.525781 0.007812 0.004687
0 0.787500 0.525781 0.003125 0.004687
0 0.888281 0.520312 0.004687 0.003125
0 0.824219 0.523438 0.007812 0.009375
0 0.991406 0.517969 0.004687 0.004687
0 0.885938 0.515625 0.003125 0.003125
0 0.842187 0.524219 0.025000 0.023438
0 0.997656 0.513281 0.004687 0.004687
0 0.879687 0.515625 0.009375 0.009375
0 0.800000 0.512500 0.003125 0.003125
0 0.992188 0.509375 0.003125 0.003125
0 0.826562 0.510938 0.006250 0.009375
0 0.996094 0.507031 0.004687 0.004687
0 0.953906 0.506250 0.004687 0.003125
0 0.990625 0.503906 0.003125 0.004687
0 0.932813 0.502344 0.003125 0.004687
0 0.879687 0.501563 0.006250 0.003125
0 0.839063 0.498437 0.003125 0.003125
0 0.893750 0.502344 0.009375 0.014063
0 0.828125 0.500000 0.006250 0.009375
0 0.910937 0.495312 0.003125 0.003125
0 0.840625 0.494531 0.006250 0.004687
0 0.849219 0.492188 0.004687 0.003125
0 0.981250 0.488281 0.009375 0.007812
0 0.833594 0.486719 0.004687 0.004687
0 0.903125 0.481250 0.003125 0.003125
0 0.834375 0.481250 0.003125 0.003125
0 0.837500 0.479687 0.003125 0.003125
0 0.957812 0.478125 0.003125 0.003125
0 0.976562 0.474219 0.009375 0.004687
0 0.946875 0.473438 0.006250 0.006250
0 0.953125 0.475000 0.009375 0.012500
0 0.870313 0.470313 0.003125 0.003125
0 0.976562 0.468750 0.003125 0.003125
0 0.891406 0.469531 0.004687 0.004687
0 0.832031 0.467969 0.004687 0.004687
0 0.961719 0.465625 0.004687 0.003125
0 0.953906 0.464844 0.004687 0.004687
0 0.837500 0.465625 0.006250 0.006250
0 0.955469 0.459375 0.004687 0.003125
0 0.961719 0.457031 0.004687 0.004687
0 0.835156 0.456250 0.007812 0.009375
0 0.882031 0.457031 0.007812 0.014063
0 0.997656 0.452344 0.004687 0.007812
0 0.851562 0.443750 0.003125 0.003125
0 0.995313 0.438281 0.009375 0.010937
0 0.845313 0.434375 0.003125 0.003125
0 0.907813 0.429688 0.009375 0.009375
0 0.996094 0.422656 0.007812 0.010937
0 0.800000 0.404687 0.003125 0.003125
0 0.821875 0.392188 0.003125 0.003125
0 0.888281 0.381250 0.007812 0.006250
0 0.850781 0.376563 0.004687 0.003125
0 0.810156 0.380469 0.007812 0.010937
0 0.874219 0.376563 0.007812 0.006250
0 0.928125 0.371875 0.003125 0.003125
0 0.843750 0.368750 0.003125 0.003125
0 0.797656 0.377344 0.020313 0.020313
0 0.795312 0.368750 0.003125 0.003125
0 0.928906 0.365625 0.007812 0.003125
0 0.931250 0.361719 0.003125 0.004687
0 0.926562 0.348438 0.003125 0.006250
0 0.923438 0.341406 0.003125 0.004687
0 0.856250 0.335938 0.003125 0.003125
0 0.929688 0.339062 0.009375 0.012500
0 0.751563 0.325000 0.003125 0.003125
0 0.932813 0.324219 0.003125 0.004687
0 0.847656 0.325781 0.004687 0.007812
0 0.932813 0.318750 0.003125 0.003125
0 0.850000 0.319531 0.006250 0.004687
0 0.925781 0.318750 0.007812 0.006250
0 0.727344 0.318750 0.004687 0.006250
0 0.825781 0.314063 0.004687 0.006250
0 0.714063 0.310156 0.009375 0.004687
0 0.908594 0.308594 0.004687 0.004687
0 0.934375 0.306250 0.003125 0.003125
0 0.851562 0.310156 0.012500 0.010937
0 0.900000 0.303906 0.003125 0.004687
0 0.934375 0.300000 0.003125 0.003125
0 0.800000 0.292187 0.003125 0.003125
0 0.789062 0.290625 0.003125 0.003125
0 0.850000 0.288281 0.003125 0.004687
0 0.685156 0.287500 0.004687 0.003125
0 0.920312 0.285938 0.003125 0.003125
0 0.932813 0.284375 0.003125 0.003125
0 0.785937 0.284375 0.003125 0.003125
0 0.806250 0.282813 0.003125 0.003125
0 0.684375 0.283594 0.003125 0.004687
0 0.902344 0.282031 0.004687 0.004687
0 0.895312 0.281250 0.003125 0.003125
0 0.854688 0.278125 0.003125 0.003125
0 0.831250 0.278125 0.003125 0.003125
0 0.911719 0.278125 0.007812 0.006250
0 0.850000 0.276562 0.003125 0.006250
0 0.669531 0.276562 0.004687 0.006250
0 0.857812 0.267969 0.003125 0.004687
0 0.715625 0.267188 0.003125 0.003125
0 0.709375 0.267188 0.003125 0.003125
0 0.857812 0.261719 0.003125 0.004687
0 0.851562 0.260937 0.006250 0.006250
0 0.832031 0.264844 0.007812 0.014063
0 0.812500 0.259375 0.003125 0.003125
0 0.746875 0.259375 0.003125 0.003125
0 0.845313 0.258594 0.003125 0.007812
0 0.650000 0.253125 0.003125 0.003125
0 0.843750 0.252344 0.003125 0.004687
0 0.835938 0.254688 0.006250 0.009375
0 0.699219 0.256250 0.023438 0.018750
0 0.615625 0.248438 0.003125 0.003125
0 0.856250 0.250781 0.006250 0.014063
0 0.850000 0.246875 0.006250 0.006250
0 0.827344 0.248438 0.007812 0.009375
0 0.684375 0.245312 0.006250 0.003125
0 0.725781 0.244531 0.004687 0.004687
0 0.752344 0.247656 0.007812 0.014063
0 0.810937 0.240625 0.003125 0.003125
0 0.679688 0.250000 0.028125 0.021875
0 0.857812 0.239844 0.003125 0.004687
0 0.839844 0.240625 0.004687 0.006250
0 0.832031 0.242969 0.007812 0.010937
0 0.788281 0.237500 0.004687 0.003125
0 0.846094 0.236719 0.004687 0.004687
0 0.806250 0.235937 0.003125 0.003125
0 0.800000 0.234375 0.003125 0.003125
0 0.685937 0.233594 0.003125 0.004687
0 0.669531 0.234375 0.007812 0.006250
0 0.694531 0.232031 0.004687 0.004687
0 0.722656 0.229687 0.004687 0.003125
0 0.609375 0.230469 0.003125 0.004687
0 0.730469 0.229687 0.004687 0.006250
0 0.590625 0.228125 0.003125 0.003125
0 0.856250 0.226562 0.003125 0.003125
0 0.846094 0.227344 0.004687 0.004687
0 0.646094 0.228906 0.004687 0.007812
0 0.749219 0.225000 0.004687 0.003125
0 0.632031 0.225000 0.004687 0.003125
0 0.578125 0.225000 0.003125 0.003125
0 0.793750 0.223438 0.003125 0.003125
0 0.853125 0.221875 0.006250 0.003125
0 0.781250 0.225000 0.009375 0.009375
0 0.770312 0.221875 0.003125 0.003125
0 0.782813 0.220312 0.003125 0.003125
0 0.732031 0.221094 0.007812 0.004687
0 0.843750 0.218750 0.003125 0.006250
0 0.839063 0.217188 0.003125 0.003125
0 0.771875 0.217188 0.003125 0.003125
0 0.548438 0.218750 0.006250 0.006250
0 0.614844 0.217188 0.004687 0.006250
0 0.700000 0.214844 0.006250 0.004687
0 0.767188 0.214062 0.006250 0.006250
0 0.763281 0.210938 0.004687 0.003125
0 0.754687 0.211719 0.003125 0.004687
0 0.727344 0.210938 0.004687 0.003125
0 0.707812 0.210938 0.003125 0.003125
0 0.855469 0.209375 0.004687 0.003125
0 0.830469 0.207813 0.007812 0.003125
0 0.714844 0.213281 0.010937 0.014063
0 0.756250 0.206250 0.003125 0.003125
0 0.721875 0.206250 0.003125 0.003125
0 0.765625 0.205469 0.006250 0.004687
0 0.606250 0.203125 0.003125 0.003125
0 0.570312 0.203906 0.006250 0.004687
0 0.762500 0.200000 0.003125 0.003125
0 0.706250 0.200000 0.003125 0.003125
0 0.689063 0.198437 0.003125 0.003125
0 0.824219 0.196875 0.004687 0.006250
0 0.710938 0.199219 0.009375 0.010937
0 0.554688 0.193750 0.003125 0.003125
0 0.558594 0.195312 0.004687 0.009375
0 0.625000 0.189062 0.003125 0.003125
0 0.619531 0.192969 0.004687 0.010937
0 0.795312 0.187500 0.006250 0.003125
0 0.641406 0.185156 0.004687 0.004687
0 0.528125 0.184375 0.006250 0.003125
0 0.804688 0.185938 0.009375 0.009375
0 0.597656 0.190625 0.020313 0.018750
0 0.616406 0.181250 0.004687 0.003125
0 0.610938 0.182031 0.006250 0.010937
0 0.803906 0.177344 0.004687 0.004687
0 0.758594 0.180469 0.007812 0.010937
0 0.585938 0.177344 0.003125 0.004687
0 0.158594 0.178125 0.004687 0.006250
0 0.527344 0.176563 0.004687 0.006250
0 0.515625 0.175000 0.003125 0.003125
0 0.814063 0.175781 0.006250 0.007812
0 0.612500 0.173437 0.003125 0.003125
0 0.589844 0.175000 0.007812 0.006250
0 0.568750 0.185156 0.015625 0.026562
0 0.143750 0.173437 0.003125 0.003125
0 0.819531 0.173437 0.004687 0.006250
0 0.800781 0.173437 0.007812 0.006250
0 0.178125 0.171875 0.003125 0.003125
0 0.578125 0.170313 0.003125 0.003125
0 0.218750 0.170313 0.003125 0.003125
0 0.164062 0.171094 0.003125 0.004687
0 0.808594 0.170313 0.004687 0.006250
0 0.171875 0.168750 0.003125 0.003125
0 0.150000 0.168750 0.006250 0.003125
0 0.143750 0.167187 0.003125 0.003125
0 0.135937 0.167187 0.003125 0.003125
0 0.850000 0.167187 0.003125 0.006250
0 0.570312 0.166406 0.003125 0.004687
0 0.185156 0.167969 0.007812 0.007812
0 0.814844 0.165625 0.004687 0.006250
0 0.557813 0.164062 0.003125 0.003125
0 0.853125 0.160938 0.003125 0.003125
0 0.134375 0.160938 0.003125 0.003125
0 0.834375 0.173437 0.031250 0.037500
0 0.793750 0.156250 0.003125 0.003125
0 0.204687 0.156250 0.003125 0.003125
0 0.807031 0.154688 0.004687 0.006250
0 0.159375 0.154688 0.003125 0.006250
0 0.166406 0.151562 0.004687 0.003125
0 0.809375 0.146875 0.003125 0.003125
0 0.750781 0.147656 0.004687 0.004687
0 0.136719 0.151562 0.014063 0.012500
0 0.115625 0.143750 0.003125 0.003125
0 0.692969 0.142969 0.004687 0.004687
0 0.146094 0.142969 0.007812 0.007812
0 0.755469 0.141406 0.010937 0.007812
0 0.562500 0.137500 0.003125 0.003125
0 0.168750 0.139844 0.006250 0.007812
0 0.800000 0.135937 0.003125 0.003125
0 0.795312 0.188281 0.100000 0.107813
0 0.767188 0.137500 0.003125 0.006250
0 0.758594 0.133594 0.007812 0.004687
0 0.210156 0.132812 0.004687 0.003125
0 0.801562 0.131250 0.003125 0.003125
0 0.725781 0.132031 0.004687 0.004687
0 0.157812 0.132031 0.003125 0.004687
0 0.181250 0.128906 0.006250 0.004687
0 0.159375 0.127344 0.006250 0.004687
0 0.772656 0.129688 0.007812 0.012500
0 0.748437 0.125000 0.009375 0.009375
0 0.635938 0.120313 0.003125 0.003125
0 0.728125 0.118750 0.003125 0.003125
0 0.746875 0.117188 0.003125 0.003125
0 0.329688 0.117188 0.003125 0.003125
0 0.732812 0.116406 0.003125 0.004687
0 0.565625 0.116406 0.003125 0.004687
0 0.728125 0.114062 0.003125 0.003125
0 0.417187 0.114062 0.003125 0.003125
0 0.664844 0.114062 0.004687 0.006250
0 0.558594 0.114062 0.007812 0.012500
0 0.477344 0.109375 0.004687 0.003125
0 0.435156 0.110156 0.004687 0.004687
0 0.668750 0.107813 0.003125 0.003125
0 0.500000 0.553125 1.000000 0.893750
0 0.728906 0.107031 0.004687 0.004687
0 0.723437 0.107031 0.003125 0.004687
0 0.184375 0.106250 0.003125 0.003125
0 0.573438 0.104688 0.003125 0.003125
0 0.405469 0.107813 0.004687 0.009375
0 0.171875 0.112500 0.012500 0.018750
0 0.717969 0.104688 0.004687 0.006250
0 0.664062 0.104688 0.003125 0.006250
0 0.792188 0.124219 0.040625 0.048438
0 0.564063 0.103906 0.006250 0.007812
0 0.432812 0.101562 0.003125 0.003125
0 0.290625 0.103125 0.003125 0.006250
0 0.184375 0.101562 0.003125 0.003125
0 0.156250 0.103125 0.006250 0.006250
0 0.450781 0.101562 0.004687 0.006250
0 0.423438 0.100000 0.003125 0.003125
0 0.416406 0.104688 0.017188 0.012500
0 0.656250 0.099219 0.006250 0.004687
0 0.648438 0.104688 0.006250 0.015625
0 0.594531 0.098437 0.004687 0.003125
0 0.669531 0.097656 0.004687 0.004687
0 0.430469 0.098437 0.007812 0.006250
0 0.321875 0.103125 0.021875 0.015625
0 0.731250 0.096094 0.003125 0.004687
0 0.428125 0.093750 0.006250 0.003125
0 0.290625 0.093750 0.003125 0.003125
0 0.283594 0.093750 0.004687 0.003125
0 0.802344 0.092188 0.004687 0.003125
0 0.492188 0.092969 0.009375 0.004687
0 0.410938 0.092188 0.003125 0.003125
0 0.786719 0.096094 0.010937 0.014063
0 0.764844 0.110156 0.029687 0.042188
0 0.653125 0.090625 0.003125 0.003125
0 0.601562 0.092188 0.006250 0.006250
0 0.445312 0.092969 0.006250 0.007812
0 0.660937 0.089844 0.006250 0.004687
0 0.514844 0.089063 0.004687 0.003125
0 0.492188 0.089063 0.003125 0.003125
0 0.245312 0.092969 0.012500 0.010937
0 0.425781 0.088281 0.004687 0.004687
0 0.410156 0.087500 0.004687 0.003125
0 0.327344 0.090625 0.010937 0.009375
0 0.739062 0.085938 0.003125 0.003125
0 0.712500 0.085938 0.006250 0.003125
0 0.554688 0.087500 0.009375 0.006250
0 0.486719 0.086719 0.004687 0.004687
0 0.786719 0.085938 0.004687 0.006250
0 0.781250 0.085156 0.003125 0.004687
0 0.773438 0.085156 0.003125 0.004687
0 0.720313 0.084375 0.003125 0.003125
0 0.509375 0.084375 0.006250 0.003125
0 0.493750 0.084375 0.003125 0.003125
0 0.440625 0.085156 0.003125 0.004687
0 0.320312 0.085156 0.003125 0.004687
0 0.207813 0.084375 0.003125 0.003125
0 0.778125 0.082812 0.003125 0.003125
0 0.572656 0.084375 0.014063 0.006250
0 0.744531 0.083594 0.004687 0.007812
0 0.509375 0.100000 0.021875 0.040625
0 0.750000 0.080469 0.003125 0.004687
0 0.724219 0.079687 0.004687 0.006250
0 0.677344 0.080469 0.007812 0.007812
0 0.517188 0.080469 0.006250 0.007812
0 0.503906 0.078906 0.004687 0.004687
0 0.447656 0.078906 0.004687 0.004687
0 0.253125 0.079687 0.003125 0.006250
0 0.587500 0.078125 0.003125 0.006250
0 0.556250 0.076563 0.003125 0.003125
0 0.483594 0.076563 0.004687 0.003125
0 0.428125 0.075000 0.003125 0.003125
0 0.255469 0.075781 0.004687 0.004687
0 0.720313 0.073438 0.003125 0.003125
0 0.744531 0.074219 0.004687 0.007812
0 0.728125 0.075000 0.009375 0.009375
0 0.595313 0.071875 0.003125 0.003125
0 0.225000 0.072656 0.003125 0.004687
0 0.681250 0.070312 0.003125 0.003125
0 0.273438 0.068750 0.003125 0.003125
0 0.232031 0.070312 0.004687 0.006250
0 0.757812 0.085156 0.028125 0.039062
0 0.750000 0.067187 0.003125 0.003125
0 0.435156 0.068750 0.004687 0.006250
0 0.675000 0.064062 0.003125 0.003125
0 0.554688 0.064844 0.012500 0.004687
0 0.239063 0.065625 0.003125 0.006250
0 0.568750 0.062500 0.003125 0.003125
0 0.738281 0.063281 0.010937 0.007812
0 0.724219 0.063281 0.014063 0.014063
0 0.700781 0.080469 0.039062 0.048438
0 0.749219 0.059375 0.007812 0.009375
0 0.735938 0.057031 0.006250 0.004687
0 0.785156 0.075781 0.060937 0.045312
0 0.539062 0.066406 0.018750 0.026562
0 0.540625 0.051562 0.003125 0.003125
0 0.530469 0.049219 0.004687 0.004687
0 0.554688 0.046875 0.006250 0.003125
0 0.547656 0.048438 0.010937 0.018750
0 0.558594 0.046094 0.007812 0.017188
0 0.521094 0.043750 0.007812 0.012500
0 0.530469 0.037500 0.004687 0.003125
0 0.517188 0.037500 0.003125 0.003125
0 0.647656 0.124219 0.195312 0.189062
0 0.607031 0.034375 0.004687 0.009375
0 0.627344 0.032813 0.004687 0.009375
0 0.562500 0.029687 0.003125 0.003125
0 0.591406 0.046094 0.067187 0.042188
0 0.125000 0.012500 0.015625 0.003125
0 0.317969 0.075781 0.407813 0.151562