0 0.960938 0.998437 0.006250 0.003125
0 0.627344 0.998437 0.004687 0.003125
0 0.506250 0.998437 0.003125 0.003125
0 0.364063 0.998437 0.003125 0.003125
0 0.334375 0.998437 0.006250 0.003125
0 0.181250 0.998437 0.003125 0.003125
0 0.165625 0.998437 0.003125 0.003125
0 0.740625 0.996875 0.003125 0.003125
0 0.515625 0.997656 0.003125 0.004687
0 0.449219 0.997656 0.004687 0.004687
0 0.435156 0.996875 0.004687 0.003125
0 0.358594 0.997656 0.004687 0.004687
0 0.350000 0.996875 0.003125 0.003125
0 0.200000 0.997656 0.006250 0.004687
0 0.153906 0.997656 0.007812 0.004687
0 0.989062 0.995313 0.003125 0.003125
0 0.867188 0.995313 0.003125 0.003125
0 0.791406 0.996094 0.004687 0.007812
0 0.418750 0.993750 0.003125 0.003125
0 0.367188 0.993750 0.003125 0.003125
0 0.322656 0.995313 0.007812 0.006250
0 0.187500 0.996094 0.006250 0.007812
0 0.906250 0.992188 0.003125 0.003125
0 0.632812 0.992188 0.006250 0.003125
0 0.518750 0.992188 0.003125 0.003125
0 0.458594 0.993750 0.007812 0.006250
0 0.424219 0.992188 0.004687 0.003125
0 0.405469 0.992188 0.004687 0.003125
0 0.339062 0.993750 0.006250 0.006250
0 0.314063 0.992188 0.003125 0.003125
0 0.172656 0.995313 0.010937 0.009375
0 0.993750 0.990625 0.003125 0.003125
0 0.935937 0.990625 0.003125 0.003125
0 0.923438 0.990625 0.003125 0.003125
0 0.489844 0.991406 0.004687 0.004687
0 0.446875 0.990625 0.003125 0.003125
0 0.359375 0.990625 0.003125 0.003125
0 0.332813 0.990625 0.003125 0.003125
0 0.192969 0.992188 0.004687 0.006250
0 0.162500 0.994531 0.006250 0.010937
0 0.154688 0.990625 0.003125 0.003125
0 0.878125 0.989062 0.003125 0.003125
0 0.641406 0.989062 0.004687 0.003125
0 0.496875 0.989844 0.003125 0.004687
0 0.865625 0.987500 0.003125 0.003125
0 0.668750 0.988281 0.003125 0.004687
0 0.565625 0.987500 0.003125 0.003125
0 0.292187 0.987500 0.003125 0.003125
0 0.182812 0.987500 0.003125 0.003125
0 0.149219 0.988281 0.004687 0.004687
0 0.996094 0.985938 0.004687 0.003125
0 0.690625 0.985938 0.003125 0.003125
0 0.682031 0.985938 0.004687 0.003125
0 0.532813 0.985938 0.003125 0.003125
0 0.402344 0.985938 0.004687 0.003125
0 0.310156 0.992188 0.010937 0.015625
0 0.301563 0.992188 0.009375 0.015625
0 0.206250 0.985938 0.003125 0.003125
0 0.576562 0.984375 0.003125 0.003125
0 0.350000 0.987500 0.012500 0.009375
0 0.909375 0.982812 0.003125 0.003125
0 0.762500 0.982812 0.003125 0.003125
0 0.471875 0.983594 0.006250 0.004687
0 0.424219 0.983594 0.004687 0.004687
0 0.296875 0.983594 0.006250 0.004687
0 0.859375 0.982031 0.003125 0.004687
0 0.789844 0.981250 0.004687 0.003125
0 0.714063 0.981250 0.003125 0.003125
0 0.448437 0.982031 0.003125 0.004687
0 0.154688 0.982031 0.003125 0.004687
0 0.550000 0.980469 0.003125 0.004687
0 0.185938 0.980469 0.003125 0.004687
0 0.171094 0.980469 0.004687 0.004687
0 0.559375 0.978125 0.003125 0.003125
0 0.342187 0.978125 0.003125 0.003125
0 0.289062 0.978906 0.003125 0.004687
0 0.206250 0.978906 0.003125 0.004687
0 0.851562 0.976562 0.003125 0.003125
0 0.293750 0.976562 0.003125 0.003125
0 0.149219 0.977344 0.004687 0.004687
0 0.504687 0.975000 0.003125 0.003125
0 0.445312 0.975000 0.003125 0.003125
0 0.164844 0.976562 0.007812 0.006250
0 0.764062 0.974219 0.003125 0.004687
0 0.171094 0.971875 0.004687 0.003125
0 0.121875 0.973437 0.012500 0.009375
0 0.153906 0.970313 0.004687 0.006250
0 0.673438 0.967187 0.003125 0.003125
0 0.147656 0.968750 0.004687 0.006250
0 0.990625 0.964063 0.003125 0.003125
0 0.128125 0.964844 0.021875 0.007812
0 0.118750 0.962500 0.003125 0.003125
0 0.278125 0.960938 0.003125 0.003125
0 0.300000 0.959375 0.003125 0.003125
0 0.133594 0.957812 0.004687 0.003125
0 0.598437 0.954688 0.003125 0.003125
0 0.882812 0.953125 0.003125 0.003125
0 0.753125 0.952344 0.003125 0.004687
0 0.116406 0.953125 0.010937 0.009375
0 0.896875 0.948438 0.003125 0.003125
0 0.731250 0.948438 0.003125 0.003125
0 0.539062 0.948438 0.003125 0.003125
0 0.290625 0.947656 0.003125 0.004687
0 0.754687 0.943750 0.003125 0.003125
0 0.118750 0.944531 0.006250 0.004687
0 0.109375 0.941406 0.003125 0.004687
0 0.123438 0.939844 0.003125 0.004687
0 0.277344 0.935937 0.004687 0.003125
0 0.104688 0.934375 0.003125 0.003125
0 0.373437 0.932813 0.003125 0.003125
0 0.276562 0.932813 0.006250 0.003125
0 0.269531 0.933594 0.004687 0.004687
0 0.378125 0.931250 0.003125 0.003125
0 0.294531 0.931250 0.004687 0.003125
0 0.384375 0.929688 0.003125 0.003125
0 0.106250 0.926562 0.006250 0.009375
0 0.892188 0.921875 0.003125 0.003125
0 0.354687 0.922656 0.003125 0.004687
0 0.835938 0.920312 0.003125 0.003125
0 0.265625 0.922656 0.003125 0.007812
0 0.998437 0.918750 0.003125 0.003125
0 0.945312 0.919531 0.003125 0.004687
0 0.842969 0.918750 0.004687 0.003125
0 0.492188 0.918750 0.003125 0.003125
0 0.901563 0.917188 0.003125 0.003125
0 0.111719 0.917188 0.004687 0.003125
0 0.662500 0.916406 0.003125 0.004687
0 0.358594 0.915625 0.004687 0.003125
0 0.352344 0.916406 0.004687 0.004687
0 0.306250 0.915625 0.003125 0.003125
0 0.118750 0.917188 0.006250 0.006250
0 0.332031 0.910937 0.007812 0.009375
0 0.117188 0.907813 0.006250 0.003125
0 0.995313 0.905469 0.003125 0.004687
0 0.297656 0.906250 0.004687 0.006250
0 0.096875 0.904687 0.003125 0.003125
0 0.118750 0.903125 0.003125 0.003125
0 0.010156 0.903906 0.004687 0.004687
0 0.460938 0.901563 0.003125 0.003125
0 0.353125 0.901563 0.006250 0.003125
0 0.003125 0.901563 0.003125 0.003125
0 0.340625 0.900781 0.003125 0.004687
0 0.260937 0.900000 0.003125 0.003125
0 0.298438 0.898438 0.003125 0.003125
0 0.718750 0.895312 0.003125 0.003125
0 0.302344 0.896094 0.004687 0.004687
0 0.253125 0.895312 0.003125 0.003125
0 0.328125 0.893750 0.003125 0.003125
0 0.993750 0.893750 0.003125 0.006250
0 0.007812 0.894531 0.012500 0.007812
0 0.344531 0.887500 0.004687 0.003125
0 0.332031 0.882031 0.004687 0.004687
0 0.276562 0.881250 0.003125 0.003125
0 0.325000 0.882031 0.009375 0.014063
0 0.873437 0.875000 0.003125 0.003125
0 0.071875 0.880469 0.009375 0.014063
0 0.005469 0.872656 0.007812 0.007812
0 0.010937 0.869531 0.003125 0.004687
0 0.985938 0.867188 0.003125 0.003125
0 0.091406 0.867969 0.004687 0.004687
0 0.071875 0.867969 0.006250 0.007812
0 0.007812 0.865625 0.003125 0.003125
0 0.245312 0.864062 0.006250 0.003125
0 0.307812 0.862500 0.003125 0.003125
0 0.334375 0.860938 0.003125 0.003125
0 0.009375 0.860156 0.003125 0.004687
0 0.075781 0.857031 0.004687 0.004687
0 0.069531 0.857031 0.004687 0.004687
0 0.890625 0.854688 0.003125 0.003125
0 0.293750 0.854688 0.003125 0.003125
0 0.282813 0.853906 0.003125 0.004687
0 0.262500 0.852344 0.003125 0.004687
0 0.953125 0.850000 0.003125 0.003125
0 0.325000 0.845313 0.006250 0.003125
0 0.412500 0.843750 0.003125 0.003125
0 0.277344 0.843750 0.004687 0.003125
0 0.307031 0.842969 0.004687 0.004687
0 0.065625 0.843750 0.006250 0.006250
0 0.295312 0.839063 0.003125 0.003125
0 0.247656 0.839844 0.004687 0.004687
0 0.285938 0.835938 0.003125 0.003125
0 0.064844 0.836719 0.007812 0.007812
0 0.250781 0.829688 0.004687 0.003125
0 0.057813 0.829688 0.006250 0.003125
0 0.260937 0.826562 0.003125 0.003125
0 0.086719 0.821094 0.004687 0.004687
0 0.065625 0.825000 0.006250 0.012500
0 0.054688 0.825781 0.009375 0.014063
0 0.229687 0.818750 0.003125 0.003125
0 0.965625 0.817187 0.003125 0.003125
0 0.331250 0.817187 0.003125 0.003125
0 0.070312 0.817969 0.003125 0.004687
0 0.060156 0.817969 0.007812 0.007812
0 0.282031 0.812500 0.004687 0.003125
0 0.222656 0.809375 0.004687 0.003125
0 0.092188 0.809375 0.003125 0.003125
0 0.010937 0.809375 0.003125 0.003125
0 0.077344 0.808594 0.004687 0.004687
0 0.947656 0.806250 0.004687 0.003125
0 0.253125 0.807031 0.006250 0.004687
0 0.225000 0.806250 0.003125 0.003125
0 0.267969 0.804688 0.004687 0.003125
0 0.234375 0.805469 0.009375 0.004687
0 0.964063 0.803125 0.003125 0.003125
0 0.320312 0.803125 0.003125 0.003125
0 0.242188 0.803125 0.003125 0.003125
0 0.089063 0.803125 0.003125 0.006250
0 0.076563 0.801562 0.003125 0.003125
0 0.214062 0.800781 0.003125 0.004687
0 0.014063 0.802344 0.003125 0.007812
0 0.309375 0.798438 0.003125 0.003125
0 0.071094 0.797656 0.004687 0.004687
0 0.250000 0.796094 0.003125 0.004687
0 0.087500 0.796094 0.003125 0.004687
0 0.064844 0.799219 0.010937 0.014063
0 0.079687 0.795312 0.006250 0.009375
0 0.075000 0.792188 0.003125 0.003125
0 0.069531 0.792188 0.004687 0.003125
0 0.253125 0.790625 0.003125 0.003125
0 0.085938 0.787500 0.003125 0.003125
0 0.078906 0.787500 0.007812 0.003125
0 0.282813 0.786719 0.003125 0.004687
0 0.090625 0.785937 0.003125 0.003125
0 0.096875 0.785937 0.003125 0.006250
0 0.079687 0.782813 0.003125 0.003125
0 0.266406 0.782813 0.004687 0.006250
0 0.306250 0.780469 0.003125 0.004687
0 0.940625 0.778906 0.003125 0.004687
0 0.067969 0.780469 0.004687 0.007812
0 0.014063 0.778125 0.003125 0.003125
0 0.234375 0.776563 0.003125 0.003125
0 0.220312 0.777344 0.003125 0.007812
0 0.003906 0.775000 0.004687 0.003125
0 0.101562 0.771875 0.003125 0.003125
0 0.089063 0.770312 0.003125 0.003125
0 0.068750 0.770312 0.003125 0.003125
0 0.004687 0.770312 0.003125 0.006250
0 0.079687 0.767969 0.003125 0.004687
0 0.950000 0.765625 0.003125 0.003125
0 0.085156 0.767188 0.004687 0.006250
0 0.090625 0.764844 0.006250 0.010937
0 0.073438 0.761719 0.003125 0.004687
0 0.947656 0.760156 0.004687 0.004687
0 0.007031 0.761719 0.010937 0.007812
0 0.014063 0.757812 0.003125 0.006250
0 0.246094 0.753906 0.004687 0.004687
0 0.197656 0.753906 0.007812 0.004687
0 0.103906 0.755469 0.007812 0.007812
0 0.090625 0.753125 0.003125 0.003125
0 0.065625 0.753125 0.003125 0.003125
0 0.057813 0.754687 0.003125 0.006250
0 0.008594 0.751563 0.007812 0.003125
0 0.942969 0.750781 0.004687 0.007812
0 0.020313 0.749219 0.003125 0.004687
0 0.293750 0.746875 0.003125 0.003125
0 0.048438 0.745313 0.003125 0.003125
0 0.076563 0.871875 0.150000 0.256250
0 0.012500 0.746094 0.012500 0.004687
0 0.210156 0.745313 0.004687 0.006250
0 0.203125 0.743750 0.003125 0.003125
0 0.196875 0.743750 0.003125 0.003125
0 0.090625 0.744531 0.003125 0.004687
0 0.939063 0.742969 0.006250 0.004687
0 0.039062 0.742969 0.003125 0.004687
0 0.323437 0.740625 0.003125 0.003125
0 0.085938 0.740625 0.003125 0.003125
0 0.031250 0.740625 0.003125 0.003125
0 0.094531 0.739844 0.007812 0.004687
0 0.046875 0.740625 0.009375 0.006250
0 0.206250 0.737500 0.003125 0.003125
0 0.078125 0.738281 0.006250 0.004687
0 0.025000 0.738281 0.006250 0.004687
0 0.004687 0.737500 0.003125 0.003125
0 0.085156 0.735156 0.004687 0.004687
0 0.248438 0.732812 0.003125 0.003125
0 0.185156 0.733594 0.007812 0.004687
0 0.067969 0.747656 0.026562 0.032813
0 0.273438 0.729688 0.003125 0.003125
0 0.095312 0.729688 0.003125 0.003125
0 0.029687 0.729688 0.003125 0.003125
0 0.021875 0.732031 0.006250 0.007812
0 0.076563 0.730469 0.006250 0.007812
0 0.930469 0.726562 0.004687 0.003125
0 0.017188 0.727344 0.003125 0.004687
0 0.109375 0.727344 0.006250 0.007812
0 0.103125 0.725781 0.003125 0.004687
0 0.069531 0.725781 0.004687 0.004687
0 0.038281 0.727344 0.007812 0.007812
0 0.004687 0.725000 0.003125 0.003125
0 0.918750 0.723437 0.003125 0.003125
0 0.032813 0.724219 0.006250 0.004687
0 0.053906 0.728125 0.007812 0.015625
0 0.008594 0.727344 0.010937 0.014063
0 0.927344 0.721094 0.004687 0.004687
0 0.098437 0.720313 0.003125 0.003125
0 0.195312 0.718750 0.003125 0.003125
0 0.923438 0.716406 0.003125 0.004687
0 0.179688 0.716406 0.006250 0.004687
0 0.120313 0.714063 0.003125 0.003125
0 0.057813 0.717969 0.009375 0.010937
0 0.100781 0.714063 0.007812 0.006250
0 0.005469 0.712500 0.004687 0.003125
0 0.185938 0.710938 0.006250 0.003125
0 0.046875 0.718750 0.012500 0.018750
0 0.010156 0.710938 0.004687 0.003125
0 0.099219 0.707812 0.014063 0.003125
0 0.015625 0.707031 0.003125 0.004687
0 0.920312 0.706250 0.003125 0.006250
0 0.017969 0.702344 0.004687 0.004687
0 0.096094 0.700781 0.007812 0.004687
0 0.917188 0.699219 0.003125 0.004687
0 0.120313 0.698438 0.003125 0.003125
0 0.046094 0.701562 0.004687 0.009375
0 0.010937 0.698438 0.003125 0.003125
0 0.034375 0.699219 0.003125 0.007812
0 0.017969 0.696875 0.004687 0.003125
0 0.193750 0.695312 0.003125 0.003125
0 0.053906 0.700000 0.010937 0.015625
0 0.046875 0.692969 0.003125 0.004687
0 0.036719 0.692187 0.004687 0.003125
0 0.186719 0.690625 0.004687 0.003125
0 0.182031 0.692969 0.004687 0.007812
0 0.175000 0.690625 0.003125 0.003125
0 0.107813 0.697656 0.021875 0.017188
0 0.052344 0.689063 0.004687 0.003125
0 0.022656 0.690625 0.007812 0.006250
0 0.046875 0.687500 0.003125 0.003125
0 0.030469 0.688281 0.004687 0.004687
0 0.057031 0.686719 0.004687 0.007812
0 0.016406 0.686719 0.004687 0.007812
0 0.042188 0.683594 0.006250 0.004687
0 0.910937 0.681250 0.003125 0.003125
0 0.173437 0.683594 0.009375 0.007812
0 0.116406 0.685937 0.020313 0.015625
0 0.057031 0.680469 0.004687 0.004687
0 0.007812 0.682031 0.006250 0.007812
0 0.017188 0.678125 0.003125 0.003125
0 0.004687 0.678125 0.003125 0.003125
0 0.127344 0.687500 0.010937 0.025000
0 0.026562 0.678906 0.006250 0.007812
0 0.220312 0.675000 0.003125 0.003125
0 0.118750 0.675000 0.003125 0.003125
0 0.073438 0.700781 0.037500 0.054688
0 0.907031 0.674219 0.004687 0.004687
0 0.121875 0.673438 0.003125 0.003125
0 0.041406 0.675000 0.007812 0.009375
0 0.113281 0.675000 0.007812 0.012500
0 0.016406 0.671094 0.004687 0.004687
0 0.166406 0.668750 0.004687 0.003125
0 0.182812 0.833594 0.221875 0.332813
0 0.050781 0.673438 0.007812 0.012500
0 0.038281 0.670312 0.004687 0.006250
0 0.129688 0.670312 0.015625 0.012500
0 0.168750 0.664062 0.003125 0.003125
0 0.145313 0.664062 0.003125 0.003125
0 0.133594 0.664062 0.004687 0.003125
0 0.026562 0.667969 0.006250 0.010937
0 0.140625 0.664844 0.003125 0.007812
0 0.035937 0.667188 0.009375 0.012500
0 0.053125 0.660937 0.003125 0.003125
0 0.018750 0.661719 0.006250 0.004687
0 0.128125 0.659375 0.003125 0.003125
0 0.118750 0.664062 0.012500 0.012500
0 0.008594 0.667969 0.010937 0.023438
0 0.215625 0.657031 0.003125 0.004687
0 0.148438 0.657031 0.009375 0.004687
0 0.066406 0.665625 0.026562 0.025000
0 0.060937 0.654687 0.003125 0.003125
0 0.054688 0.655469 0.003125 0.004687
0 0.031250 0.654687 0.003125 0.003125
0 0.023438 0.657813 0.009375 0.009375
0 0.151562 0.651563 0.006250 0.003125
0 0.127344 0.652344 0.004687 0.004687
0 0.160938 0.651563 0.009375 0.009375
0 0.129688 0.648438 0.003125 0.003125
0 0.011719 0.650000 0.014063 0.006250
0 0.118750 0.648438 0.003125 0.006250
0 0.080469 0.648438 0.004687 0.006250
0 0.160156 0.645312 0.004687 0.003125
0 0.071875 0.646094 0.003125 0.004687
0 0.031250 0.647656 0.018750 0.007812
0 0.096875 0.668750 0.034375 0.053125
0 0.006250 0.643750 0.003125 0.003125
0 0.109375 0.642188 0.003125 0.003125
0 0.121094 0.642969 0.007812 0.007812
0 0.085938 0.644531 0.006250 0.010937
0 0.071094 0.640625 0.004687 0.003125
0 0.065625 0.640625 0.003125 0.003125
0 0.034375 0.640625 0.006250 0.003125
0 0.168750 0.639062 0.003125 0.003125
0 0.148438 0.639062 0.003125 0.003125
0 0.113281 0.639062 0.004687 0.003125
0 0.106250 0.642969 0.012500 0.010937
0 0.057813 0.639062 0.003125 0.003125
0 0.017969 0.642188 0.007812 0.009375
0 0.157031 0.638281 0.004687 0.004687
0 0.139844 0.639062 0.004687 0.006250
0 0.012500 0.638281 0.006250 0.004687
0 0.076563 0.635938 0.003125 0.003125
0 0.005469 0.637500 0.004687 0.006250
0 0.084375 0.634375 0.003125 0.003125
0 0.021875 0.634375 0.003125 0.003125
0 0.157812 0.632812 0.003125 0.003125
0 0.108594 0.633594 0.004687 0.004687
0 0.102344 0.632812 0.004687 0.003125
0 0.129688 0.634375 0.015625 0.009375
0 0.083594 0.629687 0.004687 0.003125
0 0.017969 0.631250 0.004687 0.006250
0 0.117969 0.629687 0.004687 0.006250
0 0.062500 0.628125 0.003125 0.003125
0 0.088281 0.626563 0.004687 0.003125
0 0.026562 0.626563 0.003125 0.003125
0 0.010937 0.626563 0.003125 0.003125
0 0.052344 0.626563 0.004687 0.006250
0 0.037500 0.625000 0.003125 0.003125
0 0.121875 0.623437 0.003125 0.003125
0 0.132812 0.619531 0.003125 0.004687
0 0.128906 0.621094 0.004687 0.007812
0 0.055469 0.620313 0.004687 0.006250
0 0.121875 0.617188 0.009375 0.006250
0 0.112500 0.618750 0.009375 0.009375
0 0.093750 0.615625 0.003125 0.003125
0 0.071875 0.623437 0.012500 0.018750
0 0.050781 0.615625 0.004687 0.003125
0 0.875000 0.612500 0.003125 0.003125
0 0.135937 0.612500 0.012500 0.006250
0 0.087500 0.610938 0.003125 0.003125
0 0.080469 0.612500 0.004687 0.006250
0 0.009375 0.612500 0.006250 0.006250
0 0.061719 0.613281 0.004687 0.014063
0 0.053125 0.608594 0.006250 0.004687
0 0.068750 0.606250 0.009375 0.003125
0 0.112500 0.605469 0.003125 0.004687
0 0.115625 0.601562 0.003125 0.003125
0 0.053906 0.602344 0.004687 0.004687
0 0.026562 0.600000 0.003125 0.003125
0 0.864062 0.595313 0.003125 0.003125
0 0.157812 0.595313 0.003125 0.003125
0 0.010156 0.593750 0.004687 0.003125
0 0.053906 0.588281 0.004687 0.004687
0 0.007812 0.585156 0.006250 0.010937
0 0.057813 0.579688 0.003125 0.003125
0 0.130469 0.576562 0.004687 0.003125
0 0.109375 0.576562 0.003125 0.003125
0 0.152344 0.575781 0.004687 0.004687
0 0.078906 0.575000 0.004687 0.003125
0 0.071875 0.573438 0.003125 0.003125
0 0.053125 0.573438 0.003125 0.003125
0 0.123438 0.568750 0.003125 0.003125
0 0.078906 0.569531 0.007812 0.004687
0 0.011719 0.571094 0.004687 0.007812
0 0.117969 0.566406 0.004687 0.004687
0 0.107813 0.564063 0.006250 0.003125
0 0.137500 0.560937 0.003125 0.003125
0 0.095312 0.560937 0.003125 0.003125
0 0.007812 0.561719 0.006250 0.004687
0 0.117188 0.560156 0.003125 0.004687
0 0.109375 0.557031 0.003125 0.004687
0 0.059375 0.556250 0.003125 0.003125
0 0.145313 0.551562 0.003125 0.003125
0 0.018750 0.552344 0.003125 0.004687
0 0.010156 0.554688 0.007812 0.009375
0 0.085938 0.550781 0.003125 0.004687
0 0.006250 0.546875 0.003125 0.006250
0 0.139063 0.543750 0.003125 0.003125
0 0.104688 0.543750 0.009375 0.006250
0 0.077344 0.544531 0.007812 0.007812
0 0.050781 0.540625 0.004687 0.003125
0 0.006250 0.540625 0.003125 0.003125
0 0.137500 0.539844 0.006250 0.004687
0 0.087500 0.539062 0.003125 0.003125
0 0.098437 0.535937 0.006250 0.003125
0 0.070312 0.536719 0.003125 0.004687
0 0.054688 0.535937 0.003125 0.003125
0 0.018750 0.534375 0.003125 0.003125
0 0.012500 0.535156 0.003125 0.004687
0 0.139063 0.533594 0.006250 0.004687
0 0.102344 0.531250 0.004687 0.003125
0 0.142187 0.529687 0.006250 0.003125
0 0.123438 0.532031 0.006250 0.007812
0 0.078125 0.529687 0.003125 0.003125
0 0.010156 0.529687 0.004687 0.006250
0 0.096875 0.527344 0.003125 0.004687
0 0.026562 0.529687 0.006250 0.009375
0 0.065625 0.524219 0.006250 0.007812
0 0.006250 0.521875 0.003125 0.003125
0 0.112500 0.518750 0.003125 0.003125
0 0.093750 0.518750 0.003125 0.003125
0 0.064062 0.518750 0.009375 0.003125
0 0.011719 0.518750 0.004687 0.003125
0 0.036719 0.518750 0.004687 0.006250
0 0.026562 0.516406 0.003125 0.004687
0 0.119531 0.514062 0.004687 0.003125
0 0.040625 0.514062 0.003125 0.003125
0 0.007031 0.514062 0.004687 0.003125
0 0.075781 0.514844 0.004687 0.007812
0 0.032813 0.512500 0.006250 0.003125
0 0.014063 0.513281 0.006250 0.004687
0 0.023438 0.510938 0.003125 0.003125
0 0.039844 0.509375 0.004687 0.003125
0 0.077344 0.506250 0.004687 0.003125
0 0.027344 0.508594 0.004687 0.007812
0 0.017188 0.501563 0.003125 0.003125
0 0.107813 0.500000 0.003125 0.003125
0 0.071875 0.500000 0.003125 0.003125
0 0.060937 0.498437 0.003125 0.003125
0 0.023438 0.499219 0.003125 0.004687
0 0.187500 0.496875 0.003125 0.003125
0 0.054688 0.496875 0.003125 0.003125
0 0.132812 0.495312 0.003125 0.003125
0 0.024219 0.493750 0.004687 0.003125
0 0.013281 0.495312 0.007812 0.006250
0 0.007031 0.492969 0.004687 0.004687
0 0.103125 0.492188 0.003125 0.006250
0 0.012500 0.490625 0.003125 0.003125
0 0.050781 0.489063 0.004687 0.003125
0 0.115625 0.487500 0.003125 0.003125
0 0.085938 0.485938 0.003125 0.003125
0 0.020313 0.485938 0.003125 0.003125
0 0.105469 0.484375 0.004687 0.003125
0 0.118750 0.483594 0.003125 0.004687
0 0.072656 0.483594 0.007812 0.004687
0 0.017188 0.482812 0.003125 0.003125
0 0.112500 0.481250 0.003125 0.003125
0 0.100000 0.481250 0.003125 0.003125
0 0.055469 0.482031 0.004687 0.004687
0 0.030469 0.481250 0.007812 0.003125
0 0.117188 0.479687 0.003125 0.003125
0 0.102344 0.478125 0.004687 0.003125
0 0.075000 0.478125 0.003125 0.003125
0 0.065625 0.479687 0.006250 0.006250
0 0.084375 0.477344 0.003125 0.004687
0 0.114062 0.475000 0.003125 0.003125
0 0.053906 0.475781 0.004687 0.004687
0 0.015625 0.475781 0.006250 0.004687
0 0.109375 0.475000 0.006250 0.006250
0 0.039844 0.475781 0.007812 0.007812
0 0.139844 0.471875 0.004687 0.003125
0 0.018750 0.471875 0.003125 0.003125
0 0.112500 0.470313 0.003125 0.003125
0 0.078125 0.470313 0.003125 0.003125
0 0.063281 0.470313 0.004687 0.006250
0 0.057031 0.469531 0.004687 0.004687
0 0.044531 0.468750 0.004687 0.003125
0 0.010156 0.476562 0.010937 0.018750
0 0.128125 0.465625 0.003125 0.003125
0 0.101562 0.464062 0.006250 0.003125
0 0.066406 0.464844 0.004687 0.004687
0 0.019531 0.464844 0.007812 0.004687
0 0.054688 0.462500 0.003125 0.003125
0 0.032031 0.464062 0.004687 0.006250
0 0.124219 0.461719 0.004687 0.004687
0 0.100000 0.459375 0.003125 0.003125
0 0.021875 0.461719 0.009375 0.007812
0 0.082812 0.457813 0.003125 0.003125
0 0.107031 0.459375 0.004687 0.009375
0 0.129688 0.454688 0.003125 0.003125
0 0.025781 0.456250 0.004687 0.006250
0 0.010156 0.459375 0.010937 0.012500
0 0.121094 0.452344 0.004687 0.004687
0 0.109375 0.451562 0.003125 0.003125
0 0.061719 0.453906 0.004687 0.007812
0 0.036719 0.451562 0.007812 0.006250
0 0.116406 0.448437 0.004687 0.003125
0 0.098437 0.449219 0.003125 0.004687
0 0.082812 0.448437 0.003125 0.003125
0 0.017969 0.448437 0.004687 0.003125
0 0.128125 0.447656 0.006250 0.004687
0 0.022656 0.450781 0.010937 0.010937
0 0.061719 0.444531 0.004687 0.004687
0 0.043750 0.442188 0.003125 0.003125
0 0.121094 0.442188 0.007812 0.006250
0 0.073438 0.440625 0.003125 0.003125
0 0.056250 0.441406 0.003125 0.004687
0 0.014063 0.441406 0.003125 0.004687
0 0.139063 0.439063 0.003125 0.003125
0 0.131250 0.439063 0.003125 0.003125
0 0.109375 0.440625 0.012500 0.012500
0 0.093750 0.435937 0.003125 0.003125
0 0.067969 0.436719 0.004687 0.004687
0 0.045312 0.435937 0.003125 0.003125
0 0.032813 0.435937 0.003125 0.003125
0 0.118750 0.436719 0.006250 0.007812
0 0.085938 0.434375 0.003125 0.003125
0 0.080469 0.435156 0.004687 0.004687
0 0.025781 0.435937 0.010937 0.006250
0 0.128906 0.432812 0.004687 0.006250
0 0.136719 0.432031 0.007812 0.007812
0 0.100000 0.432812 0.009375 0.009375
0 0.054688 0.429688 0.003125 0.003125
0 0.016406 0.430469 0.004687 0.004687
0 0.028125 0.428906 0.003125 0.004687
0 0.022656 0.428125 0.004687 0.003125
0 0.117969 0.428125 0.007812 0.006250
0 0.078125 0.429688 0.009375 0.009375
0 0.101562 0.425000 0.003125 0.003125
0 0.064844 0.425781 0.004687 0.004687
0 0.032813 0.425000 0.003125 0.003125
0 0.088281 0.424219 0.004687 0.004687
0 0.104688 0.422656 0.006250 0.004687
0 0.010937 0.432812 0.012500 0.025000
0 0.095312 0.419531 0.006250 0.004687
0 0.089063 0.418750 0.003125 0.003125
0 0.065625 0.419531 0.003125 0.004687
0 0.037500 0.418750 0.003125 0.003125
0 0.114844 0.420312 0.004687 0.009375
0 0.060937 0.417187 0.003125 0.003125
0 0.051562 0.417187 0.003125 0.003125
0 0.076563 0.417969 0.006250 0.007812
0 0.083594 0.415625 0.004687 0.006250
0 0.035156 0.414062 0.007812 0.003125
0 0.091406 0.412500 0.004687 0.003125
0 0.065625 0.411719 0.006250 0.004687
0 0.015625 0.413281 0.006250 0.007812
0 0.100000 0.412500 0.009375 0.009375
0 0.041406 0.410156 0.007812 0.007812
0 0.082812 0.406250 0.003125 0.003125
0 0.025000 0.409375 0.012500 0.009375
0 0.095312 0.403906 0.003125 0.004687
0 0.075000 0.404687 0.003125 0.006250
0 0.049219 0.403125 0.004687 0.006250
0 0.029687 0.402344 0.009375 0.004687
0 0.125000 0.400000 0.003125 0.003125
0 0.106250 0.399219 0.003125 0.004687
0 0.058594 0.399219 0.004687 0.004687
0 0.010937 0.403125 0.009375 0.012500
0 0.026562 0.396875 0.003125 0.003125
0 0.120313 0.395313 0.003125 0.003125
0 0.037500 0.395313 0.003125 0.003125
0 0.096875 0.393750 0.003125 0.003125
0 0.088281 0.394531 0.004687 0.004687
0 0.067187 0.393750 0.003125 0.003125
0 0.022656 0.393750 0.004687 0.003125
0 0.014844 0.394531 0.007812 0.004687
0 0.106250 0.392969 0.003125 0.004687
0 0.032031 0.390625 0.004687 0.003125
0 0.007812 0.392188 0.003125 0.006250
0 0.100000 0.389062 0.003125 0.003125
0 0.121875 0.387500 0.003125 0.003125
0 0.090625 0.387500 0.003125 0.003125
0 0.053125 0.388281 0.003125 0.004687
0 0.024219 0.389062 0.007812 0.006250
0 0.046875 0.390625 0.015625 0.012500
0 0.114844 0.387500 0.007812 0.009375
0 0.108594 0.385937 0.007812 0.006250
0 0.062500 0.382812 0.003125 0.003125
0 0.128125 0.382812 0.003125 0.006250
0 0.100781 0.382812 0.010937 0.006250
0 0.090625 0.381250 0.006250 0.003125
0 0.079687 0.379688 0.009375 0.003125
0 0.069531 0.380469 0.004687 0.004687
0 0.121875 0.379688 0.003125 0.006250
0 0.039844 0.380469 0.007812 0.007812
0 0.026562 0.378906 0.003125 0.004687
0 0.019531 0.382031 0.007812 0.010937
0 0.050781 0.378906 0.004687 0.007812
0 0.032031 0.381250 0.007812 0.012500
0 0.114844 0.376563 0.007812 0.006250
0 0.094531 0.374219 0.004687 0.004687
0 0.068750 0.374219 0.003125 0.004687
0 0.059375 0.374219 0.003125 0.004687
0 0.079687 0.373437 0.006250 0.006250
0 0.127344 0.370312 0.004687 0.003125
0 0.035156 0.372656 0.004687 0.007812
0 0.115625 0.368750 0.003125 0.003125
0 0.015625 0.375000 0.015625 0.015625
0 0.107031 0.370312 0.004687 0.009375
0 0.039844 0.370312 0.007812 0.009375
0 0.026562 0.370312 0.006250 0.009375
0 0.061719 0.367188 0.004687 0.006250
0 0.053906 0.367969 0.007812 0.007812
0 0.122656 0.364063 0.004687 0.003125
0 0.085938 0.370312 0.015625 0.015625
0 0.011719 0.364844 0.004687 0.004687
0 0.097656 0.365625 0.007812 0.009375
0 0.059375 0.362500 0.003125 0.003125
0 0.071875 0.366406 0.012500 0.014063
0 0.046094 0.364063 0.010937 0.009375
0 0.073438 0.358594 0.003125 0.004687
0 0.067969 0.356250 0.004687 0.003125
0 0.040625 0.360156 0.031250 0.017188
0 0.082812 0.357031 0.009375 0.014063
0 0.014063 0.356250 0.009375 0.015625
0 0.009375 0.348438 0.003125 0.003125
0 0.077344 0.348438 0.007812 0.006250
0 0.028125 0.349219 0.006250 0.007812
0 0.057813 0.348438 0.006250 0.009375
0 0.021094 0.346094 0.004687 0.004687
0 0.035156 0.345313 0.004687 0.006250
0 0.128125 0.344531 0.006250 0.007812
0 0.066406 0.347656 0.010937 0.014063
0 0.026562 0.342187 0.003125 0.003125
0 0.122656 0.341406 0.004687 0.004687
0 0.033594 0.339844 0.004687 0.004687
0 0.117969 0.337500 0.007812 0.003125
0 0.017188 0.336719 0.003125 0.004687
0 0.007812 0.326562 0.003125 0.003125
0 0.039062 0.325000 0.006250 0.003125
0 0.030469 0.321875 0.004687 0.006250
0 0.128906 0.322656 0.014063 0.014063
0 0.046094 0.314844 0.004687 0.007812
0 0.038281 0.315625 0.010937 0.012500
0 0.021094 0.307031 0.020313 0.007812
0 0.022656 0.300781 0.004687 0.004687
0 0.030469 0.300000 0.004687 0.009375
0 0.142969 0.295312 0.004687 0.006250
0 0.010156 0.298438 0.007812 0.012500
0 0.023438 0.286719 0.003125 0.004687
0 0.010937 0.285938 0.009375 0.006250
0 0.019531 0.286719 0.014063 0.023438
0 0.013281 0.278125 0.007812 0.006250
0 0.050000 0.273438 0.003125 0.003125
0 0.010156 0.271875 0.004687 0.006250
0 0.031250 0.269531 0.018750 0.010937
0 0.053125 0.267969 0.015625 0.014063
0 0.145313 0.264062 0.006250 0.009375
0 0.170313 0.259375 0.003125 0.003125
0 0.027344 0.260937 0.010937 0.006250
0 0.036719 0.257031 0.004687 0.004687
0 0.134375 0.251563 0.003125 0.003125
0 0.032813 0.253125 0.006250 0.006250
0 0.039844 0.248438 0.004687 0.003125
0 0.025781 0.248438 0.007812 0.006250
0 0.128125 0.246094 0.003125 0.004687
0 0.164062 0.240625 0.003125 0.003125
0 0.151562 0.240625 0.003125 0.003125
0 0.156250 0.239844 0.003125 0.004687
0 0.015625 0.255469 0.015625 0.035937
0 0.130469 0.239063 0.007812 0.006250
0 0.023438 0.239844 0.006250 0.007812
0 0.137500 0.234375 0.003125 0.003125
0 0.015625 0.237500 0.009375 0.009375
0 0.035156 0.235937 0.020313 0.012500
0 0.131250 0.229687 0.003125 0.003125
0 0.135937 0.228906 0.003125 0.007812
0 0.010937 0.228906 0.006250 0.007812
0 0.121875 0.229687 0.006250 0.012500
0 0.146094 0.224219 0.004687 0.004687
0 0.131250 0.224219 0.003125 0.004687
0 0.144531 0.217969 0.004687 0.004687
0 0.137500 0.217969 0.003125 0.004687
0 0.023438 0.221875 0.028125 0.015625
0 0.034375 0.214844 0.003125 0.004687
0 0.125000 0.212500 0.003125 0.003125
0 0.145313 0.209375 0.006250 0.003125
0 0.135937 0.210156 0.006250 0.007812
0 0.034375 0.207031 0.006250 0.004687
0 0.150000 0.203906 0.003125 0.004687
0 0.128125 0.205469 0.012500 0.007812
0 0.145313 0.201563 0.003125 0.003125
0 0.012500 0.193750 0.003125 0.003125
0 0.039844 0.193750 0.004687 0.006250
0 0.017969 0.203906 0.020313 0.026562
0 0.150781 0.190625 0.004687 0.003125
0 0.144531 0.191406 0.004687 0.004687
0 0.139063 0.190625 0.003125 0.003125
0 0.025781 0.192188 0.007812 0.009375
0 0.010937 0.190625 0.006250 0.006250
0 0.130469 0.188281 0.004687 0.007812
0 0.139063 0.185156 0.003125 0.004687
0 0.015625 0.184375 0.006250 0.003125
0 0.163281 0.179688 0.004687 0.003125
0 0.139063 0.176563 0.003125 0.003125
0 0.009375 0.176563 0.003125 0.006250
0 0.134375 0.172656 0.006250 0.004687
0 0.193750 0.168750 0.003125 0.003125
0 0.131250 0.167187 0.003125 0.003125
0 0.228125 0.160938 0.003125 0.003125
0 0.187500 0.157031 0.003125 0.004687
0 0.156250 0.157031 0.003125 0.004687
0 0.148438 0.162500 0.015625 0.015625
0 0.201563 0.154688 0.003125 0.003125
0 0.153906 0.150000 0.004687 0.006250
0 0.032813 0.149219 0.006250 0.004687
0 0.147656 0.146875 0.004687 0.006250
0 0.038281 0.145313 0.004687 0.003125
0 0.031250 0.145313 0.006250 0.003125
0 0.167969 0.143750 0.004687 0.003125
0 0.161719 0.143750 0.004687 0.003125
0 0.034375 0.140625 0.009375 0.003125
0 0.162500 0.134375 0.003125 0.003125
0 0.152344 0.135937 0.007812 0.006250
0 0.018750 0.132812 0.003125 0.003125
0 0.169531 0.131250 0.004687 0.009375
0 0.012500 0.133594 0.009375 0.014063
0 0.159375 0.128125 0.003125 0.006250
0 0.184375 0.125000 0.003125 0.003125
0 0.051562 0.124219 0.003125 0.004687
0 0.039844 0.126562 0.004687 0.009375
0 0.360938 0.121875 0.003125 0.003125
0 0.175000 0.121875 0.003125 0.003125
0 0.017188 0.124219 0.012500 0.007812
0 0.199219 0.120313 0.004687 0.003125
0 0.025000 0.121875 0.006250 0.006250
0 0.162500 0.118750 0.003125 0.003125
0 0.041406 0.121094 0.010937 0.010937
0 0.032813 0.117188 0.003125 0.006250
0 0.010156 0.117188 0.004687 0.006250
0 0.168750 0.114844 0.003125 0.004687
0 0.015625 0.116406 0.003125 0.007812
0 0.231250 0.113281 0.006250 0.004687
0 0.153125 0.110937 0.003125 0.003125
0 0.172656 0.107813 0.004687 0.006250
0 0.160938 0.107813 0.009375 0.006250
0 0.191406 0.107031 0.007812 0.007812
0 0.176563 0.104688 0.003125 0.003125
0 0.187500 0.101562 0.003125 0.003125
0 0.328906 0.101562 0.004687 0.006250
0 0.010937 0.100781 0.003125 0.004687
0 0.205469 0.098437 0.004687 0.003125
0 0.196875 0.095312 0.003125 0.003125
0 0.167187 0.096094 0.003125 0.004687
0 0.200000 0.091406 0.003125 0.004687
0 0.170313 0.090625 0.009375 0.003125
0 0.179688 0.092969 0.009375 0.010937
0 0.337500 0.087500 0.003125 0.003125
0 0.257031 0.088281 0.004687 0.004687
0 0.189844 0.089063 0.004687 0.006250
0 0.185156 0.087500 0.004687 0.003125
0 0.250000 0.088281 0.003125 0.007812
0 0.175781 0.085938 0.004687 0.003125
0 0.208594 0.085156 0.004687 0.004687
0 0.323437 0.082812 0.003125 0.003125
0 0.256250 0.081250 0.003125 0.003125
0 0.294531 0.079687 0.004687 0.003125
0 0.279687 0.079687 0.003125 0.003125
0 0.199219 0.081250 0.004687 0.006250
0 0.211719 0.078125 0.004687 0.003125
0 0.204687 0.078125 0.003125 0.003125
0 0.235937 0.076563 0.003125 0.003125
0 0.231250 0.076563 0.003125 0.003125
0 0.184375 0.076563 0.003125 0.003125
0 0.179688 0.076563 0.003125 0.003125
0 0.162500 0.085156 0.025000 0.023438
0 0.212500 0.073438 0.003125 0.003125
0 0.301563 0.073438 0.003125 0.006250
0 0.286719 0.071875 0.004687 0.003125
0 0.191406 0.076563 0.007812 0.012500
0 0.293750 0.070312 0.006250 0.003125
0 0.253125 0.070312 0.009375 0.006250
0 0.242969 0.068750 0.004687 0.003125
0 0.239844 0.070312 0.004687 0.006250
0 0.201563 0.069531 0.006250 0.004687
0 0.192188 0.068750 0.006250 0.003125
0 0.221875 0.066406 0.003125 0.004687
0 0.205469 0.066406 0.014063 0.007812
0 0.270313 0.062500 0.003125 0.003125
0 0.239063 0.063281 0.006250 0.004687
0 0.185938 0.063281 0.003125 0.004687
0 0.258594 0.062500 0.004687 0.006250
0 0.214062 0.062500 0.003125 0.006250
0 0.251563 0.059375 0.003125 0.003125
0 0.220312 0.056250 0.003125 0.003125
0 0.204687 0.057031 0.012500 0.007812
0 0.182031 0.057813 0.004687 0.009375
0 0.242188 0.055469 0.006250 0.007812
0 0.227344 0.054688 0.004687 0.006250
0 0.243750 0.048438 0.003125 0.003125
0 0.232031 0.050781 0.010937 0.007812
0 0.218750 0.051562 0.006250 0.009375
0 0.237500 0.046875 0.003125 0.003125
0 0.211719 0.048438 0.004687 0.006250
0 0.213281 0.041406 0.010937 0.004687
0 0.199219 0.044531 0.010937 0.014063
0 0.167969 0.039062 0.004687 0.003125
0 0.182812 0.036719 0.003125 0.004687
0 0.173437 0.036719 0.012500 0.007812
0 0.101562 0.187500 0.190625 0.356250