0 0.867188 0.998437 0.003125 0.003125
0 0.715625 0.998437 0.003125 0.003125
0 0.676562 0.998437 0.003125 0.003125
0 0.585156 0.998437 0.004687 0.003125
0 0.821094 0.997656 0.004687 0.004687
0 0.809375 0.997656 0.003125 0.004687
0 0.797656 0.996875 0.004687 0.003125
0 0.759375 0.996875 0.003125 0.003125
0 0.655469 0.996875 0.004687 0.003125
0 0.642188 0.997656 0.006250 0.004687
0 0.600000 0.996875 0.003125 0.003125
0 0.575000 0.996875 0.003125 0.003125
0 0.475000 0.996875 0.003125 0.003125
0 0.694531 0.996875 0.004687 0.006250
0 0.592187 0.995313 0.003125 0.003125
0 0.537500 0.996875 0.006250 0.006250
0 0.515625 0.996875 0.003125 0.006250
0 0.509375 0.996875 0.006250 0.006250
0 0.901563 0.993750 0.003125 0.003125
0 0.860938 0.996094 0.006250 0.007812
0 0.521875 0.993750 0.003125 0.003125
0 0.463281 0.994531 0.004687 0.004687
0 0.428906 0.996094 0.004687 0.007812
0 0.878125 0.992969 0.003125 0.004687
0 0.814063 0.992188 0.003125 0.003125
0 0.732812 0.992188 0.003125 0.003125
0 0.725781 0.992969 0.004687 0.004687
0 0.628125 0.992969 0.003125 0.004687
0 0.456250 0.992969 0.003125 0.004687
0 0.387500 0.992188 0.003125 0.003125
0 0.851562 0.992188 0.003125 0.006250
0 0.839063 0.990625 0.006250 0.003125
0 0.795312 0.991406 0.003125 0.004687
0 0.704688 0.990625 0.003125 0.003125
0 0.671875 0.992188 0.003125 0.006250
0 0.665625 0.992969 0.006250 0.007812
0 0.651563 0.992969 0.003125 0.007812
0 0.632812 0.992188 0.003125 0.006250
0 0.596875 0.990625 0.003125 0.003125
0 0.560937 0.990625 0.006250 0.003125
0 0.323437 0.991406 0.003125 0.004687
0 0.901563 0.989062 0.003125 0.003125
0 0.639062 0.989062 0.003125 0.003125
0 0.542188 0.989062 0.003125 0.003125
0 0.528125 0.989062 0.003125 0.003125
0 0.446875 0.990625 0.009375 0.006250
0 0.435156 0.990625 0.007812 0.006250
0 0.299219 0.989844 0.004687 0.004687
0 0.825000 0.987500 0.003125 0.003125
0 0.699219 0.989062 0.004687 0.006250
0 0.657813 0.988281 0.003125 0.004687
0 0.731250 0.987500 0.003125 0.006250
0 0.718750 0.986719 0.003125 0.004687
0 0.533594 0.987500 0.004687 0.006250
0 0.514062 0.988281 0.006250 0.007812
0 0.465625 0.987500 0.003125 0.006250
0 0.398438 0.989062 0.003125 0.009375
0 0.611719 0.986719 0.004687 0.007812
0 0.435937 0.984375 0.003125 0.003125
0 0.900000 0.982812 0.003125 0.003125
0 0.862500 0.983594 0.003125 0.004687
0 0.675000 0.982812 0.003125 0.003125
0 0.560937 0.983594 0.003125 0.004687
0 0.520312 0.984375 0.003125 0.006250
0 0.492188 0.990625 0.028125 0.018750
0 0.470313 0.982812 0.003125 0.003125
0 0.853125 0.981250 0.003125 0.003125
0 0.842969 0.983594 0.004687 0.007812
0 0.790625 0.985156 0.012500 0.010937
0 0.637500 0.981250 0.003125 0.003125
0 0.484375 0.982812 0.003125 0.006250
0 0.310156 0.982812 0.004687 0.006250
0 0.329688 0.980469 0.003125 0.004687
0 0.587500 0.978906 0.003125 0.004687
0 0.446875 0.978125 0.003125 0.003125
0 0.798438 0.976562 0.003125 0.003125
0 0.735938 0.976562 0.003125 0.003125
0 0.488281 0.976562 0.004687 0.003125
0 0.828906 0.975781 0.007812 0.004687
0 0.503125 0.975781 0.003125 0.004687
0 0.494531 0.976562 0.004687 0.006250
0 0.856250 0.973437 0.003125 0.003125
0 0.792188 0.973437 0.003125 0.003125
0 0.430469 0.974219 0.004687 0.004687
0 0.326562 0.973437 0.003125 0.003125
0 0.839063 0.972656 0.003125 0.004687
0 0.701562 0.971875 0.003125 0.003125
0 0.532031 0.971875 0.004687 0.003125
0 0.471875 0.971875 0.003125 0.003125
0 0.496094 0.971094 0.007812 0.004687
0 0.482031 0.971094 0.004687 0.004687
0 0.328125 0.968750 0.003125 0.003125
0 0.242969 0.968750 0.004687 0.003125
0 0.456250 0.967187 0.003125 0.003125
0 0.792188 0.965625 0.003125 0.003125
0 0.518750 0.966406 0.003125 0.004687
0 0.495312 0.965625 0.003125 0.003125
0 0.464062 0.965625 0.003125 0.003125
0 0.437500 0.966406 0.003125 0.004687
0 0.132812 0.965625 0.003125 0.003125
0 0.531250 0.964844 0.003125 0.004687
0 0.503125 0.964063 0.003125 0.003125
0 0.489063 0.964063 0.003125 0.003125
0 0.762500 0.962500 0.003125 0.003125
0 0.321875 0.963281 0.003125 0.004687
0 0.282813 0.963281 0.003125 0.004687
0 0.114062 0.963281 0.003125 0.004687
0 0.854688 0.961719 0.003125 0.004687
0 0.821875 0.961719 0.003125 0.004687
0 0.156250 0.962500 0.003125 0.006250
0 0.120313 0.961719 0.003125 0.004687
0 0.028125 0.960938 0.003125 0.003125
0 0.496875 0.959375 0.003125 0.003125
0 0.051562 0.960938 0.003125 0.006250
0 0.326562 0.957812 0.003125 0.003125
0 0.503125 0.956250 0.003125 0.003125
0 0.345313 0.956250 0.003125 0.003125
0 0.240625 0.954688 0.003125 0.003125
0 0.145313 0.953125 0.003125 0.003125
0 0.009375 0.953906 0.003125 0.004687
0 0.842187 0.950781 0.003125 0.004687
0 0.779687 0.950781 0.003125 0.004687
0 0.370312 0.950000 0.003125 0.003125
0 0.131250 0.950000 0.003125 0.003125
0 0.037500 0.952344 0.003125 0.007812
0 0.432812 0.948438 0.003125 0.003125
0 0.384375 0.949219 0.003125 0.004687
0 0.348438 0.948438 0.003125 0.003125
0 0.020313 0.949219 0.003125 0.004687
0 0.959375 0.946875 0.003125 0.003125
0 0.786719 0.946875 0.007812 0.003125
0 0.290625 0.947656 0.003125 0.004687
0 0.011719 0.946875 0.004687 0.003125
0 0.864062 0.945312 0.003125 0.003125
0 0.662500 0.945312 0.003125 0.003125
0 0.454688 0.945312 0.003125 0.003125
0 0.332813 0.946094 0.003125 0.004687
0 0.840625 0.943750 0.003125 0.003125
0 0.820312 0.945312 0.003125 0.006250
0 0.126562 0.943750 0.003125 0.003125
0 0.064062 0.945312 0.003125 0.006250
0 0.411719 0.942187 0.004687 0.003125
0 0.932813 0.940625 0.003125 0.003125
0 0.575000 0.937500 0.003125 0.003125
0 0.687500 0.934375 0.003125 0.003125
0 0.575000 0.925000 0.003125 0.003125
0 0.065625 0.925000 0.003125 0.003125
0 0.757031 0.923438 0.004687 0.003125
0 0.089063 0.923438 0.003125 0.003125
0 0.484375 0.922656 0.003125 0.004687
0 0.148438 0.921875 0.003125 0.003125
0 0.037500 0.922656 0.003125 0.004687
0 0.009375 0.921875 0.003125 0.003125
0 0.795312 0.920312 0.003125 0.003125
0 0.767188 0.920312 0.003125 0.003125
0 0.754687 0.920312 0.003125 0.003125
0 0.467187 0.923438 0.006250 0.009375
0 0.426563 0.920312 0.003125 0.003125
0 0.760938 0.918750 0.003125 0.003125
0 0.516406 0.919531 0.004687 0.004687
0 0.492188 0.918750 0.003125 0.003125
0 0.471875 0.917188 0.003125 0.003125
0 0.020313 0.917188 0.003125 0.003125
0 0.723437 0.915625 0.003125 0.003125
0 0.728125 0.914062 0.003125 0.003125
0 0.345313 0.915625 0.003125 0.006250
0 0.740625 0.913281 0.003125 0.004687
0 0.117188 0.921094 0.012500 0.020313
0 0.012500 0.909375 0.003125 0.006250
0 0.565625 0.906250 0.003125 0.003125
0 0.048438 0.900000 0.003125 0.003125
0 0.721875 0.897656 0.003125 0.004687
0 0.457813 0.896875 0.003125 0.003125
0 0.021875 0.895312 0.003125 0.003125
0 0.006250 0.895312 0.003125 0.003125
0 0.784375 0.893750 0.003125 0.003125
0 0.489063 0.893750 0.003125 0.003125
0 0.184375 0.892188 0.003125 0.003125
0 0.732812 0.890625 0.003125 0.003125
0 0.014063 0.890625 0.003125 0.003125
0 0.312500 0.889062 0.003125 0.003125
0 0.004687 0.889062 0.003125 0.003125
0 0.265625 0.885938 0.003125 0.003125
0 0.479687 0.885156 0.003125 0.004687
0 0.526563 0.877344 0.003125 0.007812
0 0.475000 0.875000 0.003125 0.006250
0 0.150000 0.873437 0.003125 0.003125
0 0.557031 0.868750 0.004687 0.003125
0 0.928125 0.865625 0.003125 0.003125
0 0.736719 0.865625 0.004687 0.003125
0 0.668750 0.865625 0.003125 0.003125
0 0.712500 0.859375 0.003125 0.003125
0 0.642188 0.859375 0.003125 0.003125
0 0.529687 0.839063 0.003125 0.003125
0 0.060937 0.832812 0.003125 0.003125
0 0.488281 0.801562 0.010937 0.018750
0 0.614062 0.732812 0.003125 0.003125
0 0.295312 0.728125 0.009375 0.012500
0 0.068750 0.675000 0.003125 0.003125
0 0.082812 0.671094 0.003125 0.004687
0 0.071875 0.648438 0.003125 0.003125
0 0.055469 0.593750 0.004687 0.003125
0 0.993750 0.564063 0.003125 0.003125
0 0.334375 0.382031 0.003125 0.004687
0 0.157812 0.350000 0.003125 0.003125
0 0.756250 0.184375 0.003125 0.003125