0 0.501563 0.995313 0.003125 0.003125
0 0.545312 0.993750 0.003125 0.003125
0 0.535937 0.993750 0.003125 0.003125
0 0.526563 0.994531 0.003125 0.004687
0 0.557813 0.992188 0.006250 0.006250
0 0.532031 0.989844 0.004687 0.004687
0 0.577344 0.988281 0.017188 0.007812
0 0.545312 0.987500 0.003125 0.006250
0 0.580469 0.982812 0.004687 0.003125
0 0.573438 0.982812 0.003125 0.003125
0 0.648438 0.973437 0.003125 0.003125
0 0.591406 0.970313 0.004687 0.003125
0 0.614062 0.967187 0.003125 0.003125
0 0.614844 0.976562 0.060937 0.028125
0 0.642969 0.962500 0.004687 0.003125
0 0.685156 0.960938 0.007812 0.006250
0 0.652344 0.959375 0.004687 0.003125
0 0.667969 0.964844 0.026562 0.017188
0 0.665625 0.956250 0.003125 0.003125
0 0.659375 0.956250 0.003125 0.003125
0 0.653906 0.954688 0.004687 0.003125
0 0.677344 0.954688 0.007812 0.006250
0 0.681250 0.944531 0.003125 0.004687
0 0.754687 0.909375 0.003125 0.003125
0 0.760938 0.905469 0.003125 0.004687
0 0.751563 0.903906 0.003125 0.004687
0 0.792188 0.890625 0.003125 0.003125
0 0.797656 0.884375 0.004687 0.003125
0 0.407813 0.869531 0.006250 0.004687
0 0.816406 0.865625 0.004687 0.003125
0 0.825781 0.858594 0.004687 0.004687
0 0.517969 0.843750 0.004687 0.003125
0 0.845313 0.837500 0.003125 0.003125
0 0.834375 0.837500 0.003125 0.003125
0 0.864062 0.820312 0.003125 0.003125
0 0.870313 0.812500 0.003125 0.003125
0 0.343750 0.809375 0.003125 0.003125
0 0.875000 0.807813 0.003125 0.003125
0 0.880469 0.804688 0.004687 0.006250
0 0.207031 0.803906 0.007812 0.007812
0 0.904687 0.776563 0.003125 0.003125
0 0.577344 0.775781 0.007812 0.007812
0 0.110937 0.760156 0.003125 0.004687
0 0.664062 0.742969 0.009375 0.007812
0 0.937500 0.739062 0.003125 0.003125
0 0.400000 0.728125 0.003125 0.003125
0 0.525781 0.706250 0.010937 0.012500
0 0.957031 0.693750 0.004687 0.003125
0 0.797656 0.693750 0.014063 0.009375
0 0.827344 0.706250 0.048438 0.040625
0 0.861719 0.682813 0.004687 0.006250
0 0.963281 0.679688 0.004687 0.003125
0 0.650000 0.685156 0.018750 0.020313
0 0.154688 0.678125 0.012500 0.012500
0 0.446875 0.654687 0.003125 0.003125
0 0.460938 0.650000 0.003125 0.003125
0 0.523438 0.645312 0.003125 0.003125
0 0.840625 0.800000 0.309375 0.318750
0 0.052344 0.639844 0.004687 0.004687
0 0.989844 0.635938 0.004687 0.006250
0 0.992969 0.632812 0.004687 0.003125
0 0.431250 0.635156 0.003125 0.007812
0 0.888281 0.631250 0.004687 0.006250
0 0.414062 0.628125 0.003125 0.003125
0 0.995313 0.624219 0.003125 0.004687
0 0.500000 0.624219 0.006250 0.007812
0 0.159375 0.621875 0.003125 0.003125
0 0.592187 0.620313 0.003125 0.003125
0 0.509375 0.620313 0.009375 0.006250
0 0.449219 0.619531 0.004687 0.004687
0 0.406250 0.618750 0.003125 0.003125
0 0.387500 0.618750 0.003125 0.003125
0 0.518750 0.615625 0.003125 0.003125
0 0.495312 0.617188 0.003125 0.006250
0 0.997656 0.613281 0.004687 0.004687
0 0.506250 0.614062 0.006250 0.006250
0 0.500000 0.612500 0.003125 0.003125
0 0.790625 0.640625 0.062500 0.062500
0 0.519531 0.610156 0.004687 0.004687
0 0.462500 0.609375 0.003125 0.003125
0 0.417187 0.609375 0.003125 0.003125
0 0.539062 0.608594 0.003125 0.004687
0 0.457813 0.607812 0.003125 0.003125
0 0.428906 0.607812 0.004687 0.003125
0 0.514844 0.606250 0.004687 0.003125
0 0.578125 0.610156 0.018750 0.014063
0 0.467187 0.639062 0.068750 0.071875
0 0.439063 0.604688 0.003125 0.003125
0 0.231250 0.604688 0.003125 0.003125
0 0.456250 0.603125 0.003125 0.003125
0 0.395313 0.601562 0.003125 0.003125
0 0.486719 0.600000 0.004687 0.003125
0 0.432031 0.600000 0.004687 0.003125
0 0.550000 0.595313 0.003125 0.003125
0 0.525000 0.594531 0.003125 0.004687
0 0.507031 0.596094 0.004687 0.007812
0 0.367188 0.594531 0.003125 0.004687
0 0.361719 0.593750 0.004687 0.003125
0 0.374219 0.595313 0.004687 0.009375
0 0.454688 0.589063 0.006250 0.003125
0 0.426563 0.589063 0.003125 0.003125
0 0.381250 0.587500 0.003125 0.003125
0 0.376563 0.587500 0.003125 0.003125
0 0.794531 0.586719 0.004687 0.004687
0 0.914062 0.588281 0.009375 0.010937
0 0.570312 0.582812 0.003125 0.003125
0 0.442188 0.581250 0.003125 0.003125
0 0.395313 0.587500 0.018750 0.018750
0 0.454688 0.578125 0.003125 0.003125
0 0.410938 0.578906 0.003125 0.004687
0 0.498437 0.576562 0.003125 0.003125
0 0.389062 0.576562 0.003125 0.003125
0 0.426563 0.573438 0.006250 0.006250
0 0.405469 0.574219 0.004687 0.007812
0 0.178906 0.571875 0.004687 0.003125
0 0.443750 0.570312 0.003125 0.003125
0 0.498437 0.569531 0.003125 0.004687
0 0.493750 0.567187 0.003125 0.003125
0 0.478125 0.567187 0.003125 0.003125
0 0.383594 0.567969 0.004687 0.004687
0 0.327344 0.567969 0.007812 0.004687
0 0.875000 0.560937 0.003125 0.003125
0 0.382812 0.561719 0.006250 0.004687
0 0.464062 0.560156 0.003125 0.004687
0 0.530469 0.577344 0.064062 0.045312
0 0.278906 0.560156 0.014063 0.014063
0 0.336719 0.552344 0.004687 0.004687
0 0.987500 0.550000 0.003125 0.003125
0 0.360156 0.570312 0.048438 0.046875
0 0.353125 0.546875 0.003125 0.003125
0 0.589063 0.532813 0.003125 0.003125
0 0.839844 0.529687 0.004687 0.003125
0 0.990625 0.530469 0.003125 0.007812
0 0.565625 0.521875 0.003125 0.003125
0 0.467969 0.525781 0.007812 0.010937
0 0.989062 0.514062 0.003125 0.003125
0 0.381250 0.516406 0.009375 0.007812
0 0.453906 0.514844 0.023438 0.023438
0 0.452344 0.503906 0.004687 0.004687
0 0.475000 0.504687 0.021875 0.021875
0 0.989844 0.493750 0.004687 0.003125
0 0.491406 0.492188 0.004687 0.006250
0 0.514844 0.491406 0.023438 0.020313
0 0.988281 0.479687 0.007812 0.006250
0 0.990625 0.470313 0.003125 0.003125
0 0.316406 0.467969 0.010937 0.010937
0 0.486719 0.464844 0.014063 0.010937
0 0.990625 0.458594 0.003125 0.004687
0 0.167187 0.460938 0.006250 0.009375
0 0.167187 0.450000 0.003125 0.003125
0 0.413281 0.452344 0.014063 0.014063
0 0.425781 0.437500 0.004687 0.006250
0 0.387500 0.435937 0.003125 0.003125
0 0.380469 0.439844 0.017188 0.014063
0 0.510938 0.430469 0.006250 0.004687
0 0.343750 0.424219 0.003125 0.004687
0 0.987500 0.421875 0.003125 0.003125
0 0.985938 0.407813 0.003125 0.003125
0 0.984375 0.398438 0.003125 0.006250
0 0.470313 0.396875 0.003125 0.003125
0 0.440625 0.395313 0.003125 0.003125
0 0.774219 0.427344 0.064062 0.070312
0 0.462500 0.394531 0.003125 0.004687
0 0.321094 0.403906 0.026562 0.023438
0 0.275781 0.396875 0.007812 0.009375
0 0.399219 0.381250 0.004687 0.003125
0 0.343750 0.389844 0.028125 0.023438
0 0.238281 0.378906 0.004687 0.004687
0 0.775000 0.376563 0.003125 0.003125
0 0.960938 0.375781 0.003125 0.004687
0 0.977344 0.373437 0.004687 0.003125
0 0.957812 0.373437 0.003125 0.003125
0 0.373437 0.373437 0.003125 0.003125
0 0.479687 0.370312 0.003125 0.003125
0 0.975781 0.360938 0.004687 0.003125
0 0.431250 0.377344 0.025000 0.035937
0 0.227344 0.360156 0.004687 0.004687
0 0.470313 0.371094 0.037500 0.042188
0 0.959375 0.349219 0.003125 0.004687
0 0.478125 0.346875 0.003125 0.003125
0 0.967969 0.346094 0.004687 0.004687
0 0.963281 0.337500 0.007812 0.006250
0 0.367188 0.323437 0.003125 0.003125
0 0.767969 0.346875 0.070312 0.059375
0 0.954688 0.310156 0.003125 0.004687
0 0.326562 0.306250 0.006250 0.006250
0 0.945312 0.295312 0.003125 0.003125
0 0.446094 0.289062 0.004687 0.003125
0 0.943750 0.281250 0.003125 0.003125
0 0.739062 0.287500 0.021875 0.018750
0 0.632812 0.298438 0.053125 0.053125
0 0.936719 0.270313 0.004687 0.003125
0 0.532031 0.265625 0.007812 0.006250
0 0.675781 0.258594 0.020313 0.020313
0 0.278906 0.241406 0.007812 0.007812
0 0.901563 0.224219 0.003125 0.004687
0 0.901563 0.218750 0.006250 0.003125
0 0.326562 0.210156 0.015625 0.014063
0 0.893750 0.203125 0.003125 0.003125
0 0.646875 0.187500 0.003125 0.003125
0 0.334375 0.189062 0.006250 0.006250
0 0.408594 0.124219 0.007812 0.007812