0 0.536719 0.797656 0.010937 0.010937
0 0.306250 0.756250 0.003125 0.003125
0 0.427344 0.732812 0.010937 0.012500
0 0.452344 0.739062 0.029687 0.028125
0 0.482031 0.724219 0.017188 0.014063
0 0.880469 0.709375 0.007812 0.009375
0 0.536719 0.705469 0.004687 0.004687
0 0.242969 0.721875 0.064062 0.068750
0 0.625000 0.687500 0.003125 0.003125
0 0.576562 0.671094 0.006250 0.004687
0 0.825781 0.658594 0.004687 0.004687
0 0.717187 0.654687 0.021875 0.009375
0 0.759375 0.645312 0.003125 0.003125
0 0.200781 0.639844 0.004687 0.004687
0 0.610938 0.634375 0.012500 0.012500
0 0.694531 0.632812 0.014063 0.012500
0 0.347656 0.618750 0.007812 0.009375
0 0.678125 0.583594 0.006250 0.004687
0 0.653125 0.601562 0.040625 0.040625
0 0.685156 0.575000 0.004687 0.003125
0 0.696875 0.567187 0.003125 0.003125
0 0.253906 0.555469 0.007812 0.007812
0 0.569531 0.548438 0.007812 0.006250
0 0.483594 0.568750 0.042188 0.056250
0 0.403906 0.541406 0.004687 0.004687
0 0.533594 0.533594 0.017188 0.017188
0 0.627344 0.525781 0.004687 0.004687
0 0.721094 0.536719 0.029687 0.029687
0 0.771094 0.520312 0.004687 0.003125
0 0.666406 0.518750 0.014063 0.012500
0 0.435937 0.517969 0.015625 0.014063
0 0.301563 0.507031 0.015625 0.014063
0 0.360938 0.503125 0.012500 0.012500
0 0.325781 0.502344 0.014063 0.014063
0 0.416406 0.488281 0.004687 0.004687
0 0.450781 0.489063 0.010937 0.009375
0 0.489844 0.473438 0.010937 0.012500
0 0.796875 0.473438 0.015625 0.015625
0 0.195312 0.464844 0.003125 0.004687
0 0.432812 0.460938 0.015625 0.018750
0 0.609375 0.450000 0.012500 0.009375
0 0.310937 0.441406 0.015625 0.017188
0 0.428125 0.440625 0.025000 0.025000
0 0.207813 0.440625 0.028125 0.028125
0 0.470313 0.426563 0.009375 0.009375
0 0.289844 0.424219 0.014063 0.010937
0 0.657031 0.429688 0.035937 0.031250
0 0.384375 0.449219 0.037500 0.070312
0 0.417969 0.414844 0.007812 0.007812
0 0.158594 0.425781 0.032813 0.029687
0 0.363281 0.403125 0.007812 0.006250
0 0.337500 0.396875 0.009375 0.009375
0 0.285938 0.396875 0.012500 0.012500
0 0.653125 0.391406 0.006250 0.007812
0 0.813281 0.415625 0.054688 0.062500
0 0.789062 0.389844 0.012500 0.010937
0 0.574219 0.385156 0.007812 0.004687
0 0.460938 0.401562 0.046875 0.037500
0 0.709375 0.381250 0.003125 0.003125
0 0.538281 0.419531 0.035937 0.079687
0 0.338281 0.375781 0.004687 0.004687
0 0.408594 0.387500 0.060937 0.040625
0 0.584375 0.367188 0.003125 0.003125
0 0.482031 0.366406 0.014063 0.010937
0 0.414062 0.354687 0.009375 0.009375
0 0.454688 0.357031 0.018750 0.017188
0 0.517969 0.353125 0.039062 0.040625
0 0.594531 0.333594 0.007812 0.004687
0 0.429688 0.331250 0.006250 0.006250
0 0.474219 0.311719 0.004687 0.004687
0 0.410156 0.314844 0.014063 0.014063
0 0.845313 0.319531 0.028125 0.029687
0 0.550000 0.310156 0.009375 0.010937
0 0.649219 0.311719 0.014063 0.017188
0 0.581250 0.287500 0.003125 0.003125
0 0.401562 0.289062 0.012500 0.012500
0 0.614062 0.327344 0.062500 0.092188
0 0.579688 0.282813 0.003125 0.003125
0 0.544531 0.287500 0.010937 0.012500
0 0.531250 0.284375 0.012500 0.009375
0 0.617969 0.278906 0.004687 0.004687
0 0.262500 0.296875 0.043750 0.043750
0 0.529687 0.270313 0.009375 0.009375
0 0.569531 0.272656 0.017188 0.017188
0 0.601562 0.263281 0.012500 0.010937
0 0.506250 0.258594 0.012500 0.010937
0 0.446875 0.260937 0.028125 0.034375
0 0.687500 0.260937 0.021875 0.040625
0 0.616406 0.243750 0.004687 0.006250
0 0.454688 0.228125 0.012500 0.012500
0 0.410938 0.219531 0.006250 0.007812
0 0.382812 0.225000 0.018750 0.018750
0 0.317188 0.224219 0.015625 0.017188
0 0.094531 0.216406 0.004687 0.004687
0 0.100000 0.214062 0.003125 0.003125
0 0.406250 0.210156 0.003125 0.004687
0 0.129688 0.203906 0.003125 0.004687
0 0.366406 0.200781 0.023438 0.026562
0 0.142187 0.182812 0.003125 0.003125
0 0.569531 0.186719 0.032813 0.032813
0 0.516406 0.172656 0.035937 0.023438
0 0.125781 0.182031 0.048438 0.054688
0 0.407031 0.148438 0.007812 0.012500
0 0.842187 0.134375 0.015625 0.015625
0 0.430469 0.097656 0.004687 0.004687
0 0.504687 0.090625 0.003125 0.003125
0 0.427344 0.091406 0.017188 0.010937
0 0.425781 0.079687 0.004687 0.003125
0 0.379688 0.070312 0.003125 0.003125
0 0.373437 0.068750 0.003125 0.003125
0 0.350781 0.036719 0.004687 0.004687
0 0.657813 0.045312 0.037500 0.031250
0 0.482812 0.071875 0.256250 0.143750