0 0.696875 0.948438 0.003125 0.006250
0 0.707812 0.943750 0.003125 0.003125
0 0.703125 0.941406 0.003125 0.004687
0 0.259375 0.923438 0.006250 0.006250
0 0.232031 0.906250 0.007812 0.006250
0 0.786719 0.898438 0.004687 0.003125
0 0.820312 0.867188 0.034375 0.037500
0 0.648438 0.829688 0.003125 0.003125
0 0.545312 0.827344 0.037500 0.039062
0 0.322656 0.799219 0.004687 0.004687
0 0.858594 0.785937 0.004687 0.003125
0 0.195312 0.778125 0.006250 0.006250
0 0.579688 0.775781 0.003125 0.004687
0 0.392188 0.770312 0.003125 0.003125
0 0.507812 0.778125 0.031250 0.028125
0 0.564063 0.764062 0.003125 0.003125
0 0.610938 0.764844 0.006250 0.007812
0 0.821094 0.768750 0.023438 0.018750
0 0.640625 0.758594 0.015625 0.007812
0 0.835156 0.757812 0.007812 0.009375
0 0.558594 0.750781 0.029687 0.023438
0 0.299219 0.735938 0.004687 0.003125
0 0.342187 0.735938 0.021875 0.021875
0 0.934375 0.725000 0.006250 0.003125
0 0.617188 0.731250 0.025000 0.025000
0 0.464062 0.736719 0.059375 0.045312
0 0.540625 0.713281 0.003125 0.004687
0 0.507031 0.717187 0.020313 0.018750
0 0.942187 0.711719 0.009375 0.017188
0 0.726562 0.687500 0.003125 0.003125
0 0.953906 0.682031 0.004687 0.004687
0 0.250000 0.681250 0.003125 0.003125
0 0.040625 0.668750 0.003125 0.003125
0 0.960938 0.664844 0.003125 0.004687
0 0.651563 0.660937 0.018750 0.015625
0 0.604688 0.650000 0.003125 0.003125
0 0.970313 0.643750 0.003125 0.003125
0 0.646875 0.643750 0.003125 0.003125
0 0.961719 0.640625 0.004687 0.003125
0 0.253125 0.658594 0.037500 0.039062
0 0.975000 0.630469 0.006250 0.017188
0 0.979688 0.617969 0.003125 0.004687
0 0.319531 0.627344 0.039062 0.039062
0 0.689063 0.621094 0.028125 0.029687
0 0.982812 0.604688 0.003125 0.003125
0 0.614062 0.602344 0.006250 0.007812
0 0.810937 0.609375 0.025000 0.025000
0 0.968750 0.595313 0.003125 0.003125
0 0.823438 0.592187 0.003125 0.003125
0 0.814063 0.592969 0.003125 0.004687
0 0.987500 0.589844 0.003125 0.004687
0 0.474219 0.601562 0.026562 0.028125
0 0.588281 0.586719 0.004687 0.004687
0 0.371875 0.585938 0.003125 0.003125
0 0.621875 0.584375 0.003125 0.003125
0 0.481250 0.584375 0.006250 0.006250
0 0.321875 0.582812 0.003125 0.003125
0 0.569531 0.578906 0.004687 0.004687
0 0.496875 0.579688 0.006250 0.006250
0 0.984375 0.577344 0.009375 0.004687
0 0.740625 0.591406 0.021875 0.032813
0 0.593750 0.576562 0.003125 0.003125
0 0.553125 0.575781 0.009375 0.004687
0 0.437500 0.581250 0.012500 0.015625
0 0.613281 0.573438 0.004687 0.003125
0 0.548438 0.573438 0.003125 0.003125
0 0.640625 0.571875 0.003125 0.003125
0 0.531250 0.570312 0.003125 0.003125
0 0.270313 0.570312 0.003125 0.003125
0 0.987500 0.570312 0.009375 0.006250
0 0.459375 0.568750 0.003125 0.003125
0 0.451562 0.568750 0.009375 0.006250
0 0.324219 0.572656 0.017188 0.020313
0 0.545312 0.562500 0.003125 0.003125
0 0.539062 0.562500 0.003125 0.003125
0 0.560937 0.558594 0.006250 0.004687
0 0.186719 0.558594 0.004687 0.004687
0 0.573438 0.556250 0.003125 0.003125
0 0.307031 0.559375 0.004687 0.009375
0 0.365625 0.553906 0.003125 0.004687
0 0.822656 0.570312 0.045312 0.040625
0 0.609375 0.551562 0.003125 0.003125
0 0.361719 0.551562 0.004687 0.006250
0 0.357812 0.549219 0.003125 0.004687
0 0.615625 0.546875 0.003125 0.003125
0 0.398438 0.588281 0.075000 0.085938
0 0.598437 0.571094 0.037500 0.054688
0 0.629687 0.560937 0.037500 0.040625
0 0.609375 0.540625 0.003125 0.003125
0 0.212500 0.542188 0.006250 0.006250
0 0.587500 0.539062 0.003125 0.003125
0 0.355469 0.539062 0.004687 0.003125
0 0.637500 0.537500 0.003125 0.003125
0 0.632812 0.537500 0.003125 0.003125
0 0.314063 0.542969 0.015625 0.017188
0 0.403125 0.529687 0.003125 0.003125
0 0.372656 0.530469 0.004687 0.004687
0 0.593750 0.524219 0.006250 0.004687
0 0.275000 0.520312 0.015625 0.009375
0 0.438281 0.515625 0.017188 0.018750
0 0.404687 0.507812 0.003125 0.003125
0 0.253125 0.501563 0.003125 0.003125
0 0.965625 0.500000 0.003125 0.003125
0 0.624219 0.496875 0.004687 0.006250
0 0.514062 0.489063 0.003125 0.003125
0 0.629687 0.475000 0.003125 0.003125
0 0.261719 0.473438 0.007812 0.006250
0 0.447656 0.467187 0.004687 0.003125
0 0.381250 0.498437 0.062500 0.065625
0 0.223438 0.476562 0.018750 0.021875
0 0.554688 0.465625 0.009375 0.006250
0 0.426563 0.464062 0.003125 0.003125
0 0.562500 0.460938 0.003125 0.003125
0 0.986719 0.454688 0.004687 0.003125
0 0.581250 0.450000 0.003125 0.003125
0 0.308594 0.450000 0.007812 0.009375
0 0.505469 0.454688 0.023438 0.021875
0 0.599219 0.440625 0.007812 0.006250
0 0.933594 0.430469 0.017188 0.017188
0 0.983594 0.421094 0.004687 0.004687
0 0.625781 0.421094 0.004687 0.004687
0 0.220312 0.418750 0.006250 0.006250
0 0.188281 0.424219 0.017188 0.017188
0 0.689063 0.416406 0.003125 0.004687
0 0.621875 0.416406 0.003125 0.004687
0 0.515625 0.415625 0.003125 0.003125
0 0.659375 0.414062 0.003125 0.003125
0 0.508594 0.420312 0.017188 0.025000
0 0.800000 0.414844 0.025000 0.023438
0 0.482031 0.404687 0.004687 0.003125
0 0.703125 0.403906 0.003125 0.004687
0 0.542188 0.417187 0.040625 0.031250
0 0.978125 0.396875 0.003125 0.006250
0 0.451562 0.439844 0.068750 0.092188
0 0.513281 0.395313 0.004687 0.006250
0 0.432812 0.392188 0.003125 0.003125
0 0.555469 0.480469 0.223438 0.185938
0 0.421875 0.394531 0.012500 0.014063
0 0.762500 0.389062 0.006250 0.006250
0 0.668750 0.387500 0.003125 0.003125
0 0.328906 0.382031 0.010937 0.010937
0 0.801562 0.382031 0.018750 0.014063
0 0.711719 0.375781 0.010937 0.010937
0 0.282813 0.372656 0.003125 0.004687
0 0.517188 0.370312 0.003125 0.003125
0 0.749219 0.350000 0.010937 0.009375
0 0.728125 0.346875 0.003125 0.003125
0 0.198437 0.353906 0.018750 0.017188
0 0.390625 0.346094 0.006250 0.004687
0 0.646875 0.343750 0.003125 0.003125
0 0.650000 0.351562 0.034375 0.021875
0 0.545312 0.345313 0.015625 0.015625
0 0.507031 0.356250 0.035937 0.040625
0 0.685937 0.334375 0.003125 0.003125
0 0.770312 0.331250 0.012500 0.015625
0 0.588281 0.335938 0.032813 0.043750
0 0.525781 0.314063 0.007812 0.006250
0 0.392969 0.321094 0.023438 0.026562
0 0.699219 0.332031 0.054688 0.064062
0 0.385937 0.298438 0.003125 0.003125
0 0.706250 0.292187 0.006250 0.003125
0 0.512500 0.295312 0.015625 0.015625
0 0.340625 0.289062 0.003125 0.003125
0 0.917969 0.285938 0.007812 0.006250
0 0.368750 0.294531 0.034375 0.032813
0 0.470313 0.286719 0.021875 0.026562
0 0.279687 0.321875 0.084375 0.100000
0 0.884375 0.276562 0.021875 0.015625
0 0.526563 0.267188 0.012500 0.012500
0 0.632812 0.259375 0.003125 0.003125
0 0.560156 0.263281 0.023438 0.020313
0 0.446094 0.264844 0.023438 0.029687
0 0.632812 0.250000 0.003125 0.003125
0 0.436719 0.249219 0.010937 0.004687
0 0.618750 0.255469 0.021875 0.020313
0 0.620313 0.239063 0.003125 0.003125
0 0.626563 0.232031 0.003125 0.004687
0 0.515625 0.226562 0.006250 0.003125
0 0.555469 0.225781 0.004687 0.004687
0 0.490625 0.241406 0.040625 0.042188
0 0.483594 0.218750 0.010937 0.003125
0 0.421875 0.214062 0.003125 0.006250
0 0.739062 0.210938 0.003125 0.003125
0 0.546875 0.210938 0.003125 0.003125
0 0.533594 0.221094 0.029687 0.026562
0 0.591406 0.208594 0.010937 0.017188
0 0.408594 0.202344 0.004687 0.004687
0 0.596094 0.200781 0.007812 0.004687
0 0.614062 0.198437 0.003125 0.003125
0 0.703125 0.201563 0.012500 0.012500
0 0.609375 0.198437 0.003125 0.006250
0 0.572656 0.198437 0.007812 0.006250
0 0.624219 0.192188 0.004687 0.003125
0 0.671875 0.241406 0.118750 0.104688
0 0.492969 0.178125 0.004687 0.006250
0 0.482031 0.176563 0.004687 0.003125
0 0.578125 0.179688 0.062500 0.037500
0 0.442188 0.207813 0.103125 0.096875
0 0.636719 0.103906 0.004687 0.004687
0 0.689844 0.075781 0.010937 0.010937