0 0.343750 0.870313 0.003125 0.003125
0 0.208594 0.754687 0.004687 0.003125
0 0.517969 0.746094 0.007812 0.007812
0 0.742188 0.740625 0.003125 0.003125
0 0.527344 0.696094 0.007812 0.007812
0 0.439844 0.691406 0.007812 0.007812
0 0.810156 0.669531 0.004687 0.004687
0 0.841406 0.661719 0.004687 0.004687
0 0.276562 0.634375 0.003125 0.003125
0 0.775000 0.631250 0.003125 0.003125
0 0.234375 0.629687 0.003125 0.003125
0 0.748437 0.626563 0.003125 0.003125
0 0.939844 0.621875 0.014063 0.012500
0 0.232031 0.610156 0.004687 0.004687
0 0.385937 0.599219 0.009375 0.007812
0 0.781250 0.602344 0.018750 0.017188
0 0.214844 0.599219 0.014063 0.014063
0 0.202344 0.592969 0.004687 0.004687
0 0.581250 0.589063 0.003125 0.003125
0 0.416406 0.596875 0.017188 0.018750
0 0.497656 0.597656 0.023438 0.023438
0 0.139844 0.584375 0.004687 0.003125
0 0.496875 0.582031 0.003125 0.004687
0 0.515625 0.572656 0.003125 0.004687
0 0.450000 0.572656 0.003125 0.004687
0 0.489063 0.570312 0.003125 0.003125
0 0.481250 0.570312 0.003125 0.003125
0 0.457813 0.570312 0.003125 0.003125
0 0.332813 0.579688 0.053125 0.034375
0 0.507812 0.562500 0.003125 0.003125
0 0.348438 0.564844 0.012500 0.007812
0 0.453125 0.561719 0.003125 0.004687
0 0.228125 0.560937 0.006250 0.006250
0 0.495312 0.560156 0.006250 0.007812
0 0.483594 0.560156 0.007812 0.007812
0 0.203906 0.556250 0.017188 0.018750
0 0.324219 0.549219 0.007812 0.010937
0 0.269531 0.542188 0.007812 0.006250
0 0.446875 0.542188 0.006250 0.009375
0 0.336719 0.538281 0.004687 0.004687
0 0.378906 0.535937 0.004687 0.003125
0 0.267188 0.535937 0.003125 0.003125
0 0.478125 0.543750 0.021875 0.021875
0 0.509375 0.529687 0.003125 0.003125
0 0.447656 0.531250 0.007812 0.009375
0 0.440625 0.525781 0.003125 0.004687
0 0.394531 0.525000 0.007812 0.006250
0 0.453125 0.522656 0.003125 0.004687
0 0.441406 0.521875 0.004687 0.003125
0 0.853906 0.521094 0.004687 0.004687
0 0.282031 0.525781 0.010937 0.017188
0 0.510938 0.516406 0.003125 0.004687
0 0.453125 0.514062 0.003125 0.003125
0 0.448437 0.512500 0.003125 0.003125
0 0.506250 0.509375 0.006250 0.006250
0 0.485938 0.524219 0.034375 0.039062
0 0.483594 0.501563 0.004687 0.003125
0 0.485938 0.497656 0.003125 0.004687
0 0.439063 0.496875 0.003125 0.003125
0 0.245312 0.495312 0.009375 0.009375
0 0.492969 0.492188 0.004687 0.006250
0 0.519531 0.488281 0.004687 0.004687
0 0.409375 0.487500 0.003125 0.003125
0 0.426563 0.531250 0.109375 0.093750
0 0.537500 0.484375 0.006250 0.006250
0 0.523438 0.482812 0.003125 0.003125
0 0.517188 0.482812 0.003125 0.003125
0 0.635938 0.490625 0.028125 0.028125
0 0.537500 0.478125 0.003125 0.003125
0 0.483594 0.484375 0.023438 0.015625
0 0.489063 0.476562 0.003125 0.003125
0 0.475000 0.477344 0.003125 0.004687
0 0.534375 0.475000 0.003125 0.003125
0 0.493750 0.475000 0.003125 0.003125
0 0.547656 0.471875 0.004687 0.003125
0 0.389062 0.470313 0.003125 0.003125
0 0.542188 0.469531 0.003125 0.004687
0 0.478125 0.470313 0.003125 0.006250
0 0.321875 0.467969 0.003125 0.004687
0 0.860156 0.484375 0.042188 0.043750
0 0.554688 0.463281 0.006250 0.004687
0 0.388281 0.462500 0.010937 0.009375
0 0.964063 0.457813 0.003125 0.003125
0 0.559375 0.454688 0.003125 0.003125
0 0.473438 0.453906 0.006250 0.004687
0 0.396875 0.453125 0.003125 0.003125
0 0.529687 0.451562 0.003125 0.003125
0 0.545312 0.456250 0.025000 0.015625
0 0.448437 0.450000 0.003125 0.003125
0 0.458594 0.446875 0.004687 0.003125
0 0.407813 0.448437 0.006250 0.006250
0 0.312500 0.445312 0.003125 0.003125
0 0.543750 0.445312 0.006250 0.006250
0 0.431250 0.445312 0.009375 0.009375
0 0.332813 0.446875 0.015625 0.015625
0 0.537500 0.423438 0.006250 0.009375
0 0.610938 0.415625 0.003125 0.003125
0 0.362500 0.415625 0.006250 0.006250
0 0.538281 0.412500 0.007812 0.006250
0 0.317969 0.412500 0.007812 0.006250
0 0.549219 0.408594 0.004687 0.004687
0 0.434375 0.403125 0.003125 0.003125
0 0.945312 0.429688 0.065625 0.062500
0 0.676562 0.403906 0.009375 0.010937
0 0.252344 0.400781 0.004687 0.004687
0 0.760938 0.389062 0.003125 0.003125
0 0.404687 0.389844 0.006250 0.004687
0 0.636719 0.388281 0.004687 0.004687
0 0.513281 0.389062 0.007812 0.006250
0 0.184375 0.387500 0.006250 0.006250
0 0.537500 0.385937 0.003125 0.006250
0 0.579688 0.382812 0.003125 0.003125
0 0.567187 0.382812 0.003125 0.003125
0 0.560937 0.382812 0.003125 0.003125
0 0.525000 0.382812 0.003125 0.003125
0 0.271094 0.382031 0.004687 0.004687
0 0.540625 0.378906 0.003125 0.007812
0 0.892188 0.377344 0.009375 0.007812
0 0.521094 0.370312 0.004687 0.003125
0 0.553125 0.367188 0.003125 0.003125
0 0.885156 0.367969 0.007812 0.007812
0 0.533594 0.366406 0.004687 0.004687
0 0.508594 0.366406 0.004687 0.004687
0 0.540625 0.364063 0.003125 0.003125
0 0.507812 0.360938 0.003125 0.003125
0 0.316406 0.360156 0.004687 0.004687
0 0.494531 0.358594 0.007812 0.004687
0 0.507812 0.351562 0.003125 0.003125
0 0.437500 0.351562 0.003125 0.003125
0 0.479687 0.350000 0.006250 0.006250
0 0.614062 0.350781 0.009375 0.010937
0 0.443750 0.346875 0.003125 0.003125
0 0.486719 0.413281 0.104688 0.139063
0 0.485938 0.344531 0.003125 0.004687
0 0.835156 0.338281 0.004687 0.004687
0 0.459375 0.335156 0.003125 0.004687
0 0.275781 0.332031 0.004687 0.004687
0 0.264062 0.329688 0.003125 0.003125
0 0.290625 0.295312 0.006250 0.006250
0 0.375000 0.289062 0.003125 0.003125
0 0.314844 0.282031 0.004687 0.004687
0 0.770312 0.253125 0.003125 0.003125
0 0.612500 0.265625 0.075000 0.031250
0 0.464844 0.239063 0.020313 0.018750
0 0.442969 0.223438 0.007812 0.009375
0 0.592187 0.225000 0.015625 0.021875
0 0.589063 0.214062 0.003125 0.003125
0 0.752344 0.189844 0.007812 0.007812
0 0.475000 0.164844 0.012500 0.014063
0 0.739844 0.150000 0.007812 0.006250
0 0.625000 0.135156 0.006250 0.004687
0 0.673438 0.117969 0.006250 0.007812
0 0.571875 0.060937 0.003125 0.003125
0 0.612500 0.071875 0.056250 0.046875