0 0.839063 0.997656 0.003125 0.004687
0 0.825000 0.997656 0.003125 0.004687
0 0.818750 0.997656 0.003125 0.004687
0 0.664844 0.996875 0.004687 0.003125
0 0.435937 0.996875 0.003125 0.003125
0 0.392969 0.997656 0.004687 0.004687
0 0.667969 0.993750 0.004687 0.003125
0 0.431250 0.991406 0.006250 0.004687
0 0.662500 0.987500 0.003125 0.006250
0 0.828906 0.975000 0.004687 0.003125
0 0.946875 0.960938 0.006250 0.003125
0 0.945312 0.956250 0.003125 0.003125
0 0.946875 0.950000 0.003125 0.003125
0 0.945312 0.945312 0.003125 0.003125
0 0.990625 0.940625 0.003125 0.003125
0 0.982812 0.941406 0.006250 0.010937
0 0.979688 0.935156 0.006250 0.010937
0 0.974219 0.933594 0.004687 0.007812
0 0.926562 0.927344 0.006250 0.010937
0 0.944531 0.918750 0.004687 0.006250
0 0.997656 0.915625 0.004687 0.003125
0 0.950000 0.910156 0.003125 0.004687
0 0.943750 0.910156 0.003125 0.004687
0 0.971875 0.907813 0.006250 0.003125
0 0.982812 0.905469 0.003125 0.004687
0 0.949219 0.904687 0.004687 0.003125
0 0.940625 0.896875 0.003125 0.003125
0 0.981250 0.883594 0.003125 0.004687
0 0.960938 0.883594 0.003125 0.004687
0 0.967969 0.879687 0.004687 0.003125
0 0.975781 0.877344 0.004687 0.004687
0 0.957031 0.875781 0.007812 0.007812
0 0.984375 0.864062 0.003125 0.003125
0 0.943750 0.862500 0.003125 0.003125
0 0.970313 0.857812 0.006250 0.009375
0 0.988281 0.848437 0.004687 0.003125
0 0.981250 0.849219 0.006250 0.004687
0 0.977344 0.842187 0.004687 0.003125
0 0.985938 0.840625 0.003125 0.003125
0 0.993750 0.826562 0.009375 0.006250
0 0.987500 0.825000 0.003125 0.003125
0 0.998437 0.817187 0.003125 0.003125
0 0.993750 0.816406 0.006250 0.004687
0 0.026562 0.768750 0.003125 0.003125
0 0.984375 0.764062 0.003125 0.003125
0 0.998437 0.752344 0.003125 0.004687
0 0.983594 0.750000 0.007812 0.006250
0 0.987500 0.737500 0.003125 0.006250
0 0.986719 0.725000 0.004687 0.003125
0 0.039844 0.709375 0.004687 0.003125
0 0.998437 0.690625 0.003125 0.006250
0 0.991406 0.542969 0.007812 0.010937
0 0.997656 0.523438 0.004687 0.003125
0 0.984375 0.525000 0.009375 0.012500
0 0.956250 0.519531 0.003125 0.004687
0 0.994531 0.519531 0.004687 0.007812
0 0.984375 0.517188 0.006250 0.003125
0 0.962500 0.515625 0.009375 0.009375
0 0.997656 0.510938 0.004687 0.003125
0 0.990625 0.510938 0.003125 0.003125
0 0.985156 0.510938 0.004687 0.006250
0 0.992969 0.503125 0.004687 0.003125
0 0.993750 0.498437 0.003125 0.003125
0 0.983594 0.502344 0.007812 0.010937
0 0.974219 0.498437 0.010937 0.009375
0 0.963281 0.492969 0.007812 0.007812
0 0.998437 0.458594 0.003125 0.004687
0 0.979688 0.446875 0.003125 0.003125
0 0.980469 0.417187 0.004687 0.003125
0 0.967187 0.419531 0.015625 0.014063
0 0.973437 0.411719 0.006250 0.007812
0 0.992969 0.378125 0.014063 0.012500
0 0.970313 0.370312 0.003125 0.003125
0 0.989062 0.365625 0.003125 0.003125
0 0.996875 0.365625 0.006250 0.009375
0 0.991406 0.358594 0.007812 0.004687
0 0.976562 0.290625 0.006250 0.012500
0 0.260156 0.268750 0.004687 0.003125
0 0.250781 0.270313 0.004687 0.006250
0 0.962500 0.267188 0.003125 0.003125
0 0.265625 0.267188 0.003125 0.003125
0 0.997656 0.262500 0.004687 0.006250
0 0.251563 0.262500 0.003125 0.006250
0 0.988281 0.274219 0.023438 0.035937
0 0.995313 0.257031 0.006250 0.004687
0 0.228125 0.256250 0.003125 0.003125
0 0.965625 0.257812 0.012500 0.012500
0 0.995313 0.217188 0.003125 0.003125
0 0.990625 0.182812 0.003125 0.006250
0 0.995313 0.159375 0.003125 0.003125
0 0.998437 0.146094 0.003125 0.004687
0 0.996875 0.138281 0.006250 0.007812
0 0.988281 0.135156 0.010937 0.007812
0 0.982812 0.128125 0.006250 0.006250
0 0.984375 0.104688 0.003125 0.003125
0 0.978125 0.103125 0.003125 0.003125
0 0.972656 0.103906 0.004687 0.004687
0 0.992969 0.114844 0.014063 0.035937
0 0.998437 0.095312 0.003125 0.003125
0 0.980469 0.073438 0.017188 0.009375
0 0.990625 0.064844 0.003125 0.004687
0 0.975000 0.064062 0.003125 0.003125
0 0.993750 0.059375 0.003125 0.003125
0 0.982031 0.063281 0.010937 0.010937
0 0.989062 0.057813 0.003125 0.003125
0 0.988281 0.032813 0.004687 0.003125
0 0.978125 0.032813 0.003125 0.003125
0 0.982031 0.021094 0.004687 0.004687
0 0.991406 0.038281 0.017188 0.042188
0 0.945312 0.017188 0.006250 0.006250
0 0.958594 0.011719 0.004687 0.004687
0 0.995313 0.010156 0.009375 0.007812
0 0.983594 0.010937 0.004687 0.009375
0 0.975000 0.007031 0.003125 0.004687
0 0.950000 0.003125 0.003125 0.003125
0 0.964063 0.001563 0.003125 0.003125
0 0.957812 0.003906 0.003125 0.007812
0 0.500000 0.500000 1.000000 1.000000