0 0.998437 0.621094 0.003125 0.004687
0 0.998437 0.613281 0.003125 0.004687
0 0.982812 0.603125 0.006250 0.006250
0 0.992188 0.606250 0.006250 0.015625
0 0.978125 0.605469 0.012500 0.014063
0 0.986719 0.597656 0.004687 0.004687
0 0.998437 0.594531 0.003125 0.004687
0 0.948438 0.590625 0.003125 0.003125
0 0.964844 0.588281 0.007812 0.007812
0 0.975000 0.579688 0.003125 0.003125
0 0.963281 0.571875 0.010937 0.006250
0 0.960156 0.562500 0.004687 0.006250
0 0.957031 0.535156 0.007812 0.007812
0 0.958594 0.526563 0.004687 0.006250
0 0.951562 0.520312 0.003125 0.003125
0 0.941406 0.489063 0.010937 0.006250
0 0.931250 0.484375 0.003125 0.003125
0 0.954688 0.475781 0.003125 0.004687
0 0.944531 0.439844 0.007812 0.007812
0 0.954688 0.442969 0.012500 0.020313
0 0.960156 0.428906 0.004687 0.004687
0 0.953906 0.425000 0.004687 0.009375
0 0.978906 0.427344 0.007812 0.017188
0 0.982812 0.418750 0.003125 0.003125
0 0.959375 0.414844 0.003125 0.004687
0 0.982031 0.409375 0.004687 0.003125
0 0.969531 0.412500 0.017188 0.012500
0 0.960938 0.404687 0.006250 0.009375
0 0.964063 0.387500 0.006250 0.003125
0 0.007812 0.246875 0.003125 0.003125
0 0.039062 0.242969 0.003125 0.004687
0 0.042188 0.235937 0.009375 0.006250
0 0.033594 0.230469 0.007812 0.007812
0 0.001563 0.226562 0.003125 0.003125
0 0.036719 0.220312 0.004687 0.006250
0 0.042188 0.217188 0.003125 0.003125
0 0.004687 0.217188 0.003125 0.006250
0 0.042188 0.203906 0.003125 0.004687
0 0.003906 0.205469 0.007812 0.010937
0 0.003125 0.193750 0.006250 0.012500
0 0.998437 0.153906 0.003125 0.004687
0 0.069531 0.150781 0.004687 0.004687
0 0.039062 0.144531 0.003125 0.004687
0 0.997656 0.145313 0.004687 0.009375
0 0.062500 0.144531 0.006250 0.007812
0 0.037500 0.137500 0.003125 0.006250
0 0.025000 0.134375 0.003125 0.003125
0 0.078125 0.135156 0.006250 0.007812
0 0.018750 0.132812 0.006250 0.006250
0 0.027344 0.125000 0.004687 0.003125
0 0.034375 0.125000 0.006250 0.006250
0 0.698438 0.122656 0.009375 0.010937
0 0.011719 0.125000 0.020313 0.015625
0 0.010156 0.117188 0.004687 0.003125
0 0.030469 0.117188 0.007812 0.006250
0 0.685937 0.117969 0.006250 0.010937
0 0.023438 0.115625 0.003125 0.006250
0 0.016406 0.111719 0.004687 0.004687
0 0.009375 0.106250 0.003125 0.003125
0 0.998437 0.103906 0.003125 0.004687
0 0.993750 0.101562 0.006250 0.003125
0 0.051562 0.101562 0.003125 0.006250
0 0.685156 0.099219 0.004687 0.004687
0 0.038281 0.104688 0.020313 0.015625
0 0.989062 0.096875 0.003125 0.003125
0 0.021875 0.096875 0.003125 0.003125
0 0.017969 0.101562 0.014063 0.012500
0 0.001563 0.096875 0.003125 0.003125
0 0.050781 0.095312 0.004687 0.003125
0 0.028125 0.093750 0.006250 0.003125
0 0.676562 0.093750 0.003125 0.006250
0 0.984375 0.090625 0.003125 0.003125
0 0.998437 0.089844 0.003125 0.004687
0 0.036719 0.089063 0.004687 0.006250
0 0.021875 0.087500 0.003125 0.003125
0 0.975000 0.082812 0.003125 0.006250
0 0.708594 0.082812 0.004687 0.006250
0 0.682813 0.083594 0.006250 0.007812
0 0.990625 0.079687 0.003125 0.003125
0 0.703125 0.103906 0.031250 0.054688
0 0.729688 0.077344 0.006250 0.007812
0 0.010937 0.083594 0.018750 0.020313
0 0.967187 0.073438 0.003125 0.003125
0 0.732812 0.070312 0.006250 0.003125
0 0.001563 0.069531 0.003125 0.004687
0 0.725000 0.065625 0.003125 0.003125
0 0.738281 0.065625 0.007812 0.006250
0 0.726562 0.060937 0.006250 0.003125
0 0.712500 0.070312 0.025000 0.021875
0 0.009375 0.062500 0.009375 0.015625
0 0.737500 0.054688 0.003125 0.003125
0 0.720313 0.055469 0.006250 0.004687
0 0.957812 0.054688 0.003125 0.006250
0 0.002344 0.055469 0.004687 0.007812
0 0.704688 0.048438 0.006250 0.003125
0 0.009375 0.047656 0.003125 0.004687
0 0.975000 0.042188 0.003125 0.003125
0 0.737500 0.041406 0.006250 0.004687
0 0.759375 0.039844 0.003125 0.004687
0 0.978125 0.034375 0.003125 0.003125
0 0.319531 0.035156 0.004687 0.004687
0 0.753125 0.036719 0.006250 0.010937
0 0.393750 0.035156 0.009375 0.007812
0 0.008594 0.032813 0.004687 0.009375
0 0.003906 0.025781 0.004687 0.004687
0 0.982812 0.023438 0.003125 0.003125
0 0.983594 0.020313 0.004687 0.003125
0 0.736719 0.021875 0.004687 0.006250
0 0.714063 0.020313 0.003125 0.006250
0 0.311719 0.022656 0.007812 0.010937
0 0.726562 0.029687 0.015625 0.028125
0 0.725000 0.017969 0.003125 0.004687
0 0.718750 0.019531 0.006250 0.010937
0 0.321875 0.014844 0.003125 0.004687
0 0.001563 0.014844 0.003125 0.014063
0 0.871875 0.008594 0.006250 0.004687
0 0.314063 0.006250 0.003125 0.003125
0 0.998437 0.002344 0.003125 0.004687
0 0.989844 0.041406 0.020313 0.082812
0 0.846094 0.001563 0.007812 0.003125
0 0.446094 0.001563 0.004687 0.003125
0 0.437500 0.002344 0.003125 0.004687
0 0.421094 0.002344 0.004687 0.004687
0 0.314844 0.001563 0.004687 0.003125
0 0.500000 0.489844 1.000000 0.979688