0 0.368750 0.998437 0.003125 0.003125
0 0.214844 0.998437 0.004687 0.003125
0 0.200781 0.998437 0.004687 0.003125
0 0.035156 0.998437 0.004687 0.003125
0 0.990625 0.997656 0.003125 0.004687
0 0.951562 0.995313 0.003125 0.003125
0 0.482031 0.996875 0.010937 0.006250
0 0.040625 0.996875 0.003125 0.006250
0 0.442188 0.996094 0.006250 0.007812
0 0.388281 0.996094 0.007812 0.007812
0 0.518750 0.992188 0.003125 0.003125
0 0.017188 0.992188 0.003125 0.003125
0 0.508594 0.992188 0.004687 0.006250
0 0.503906 0.994531 0.004687 0.010937
0 0.207031 0.992188 0.004687 0.006250
0 0.440625 0.987500 0.006250 0.006250
0 0.957812 0.989062 0.012500 0.012500
0 0.007812 0.989844 0.015625 0.020313
0 0.492969 0.978125 0.004687 0.003125
0 0.187500 0.979688 0.003125 0.006250
0 0.961719 0.977344 0.004687 0.004687
0 0.039062 0.976562 0.003125 0.003125
0 0.021875 0.978125 0.012500 0.006250
0 0.089844 0.977344 0.004687 0.007812
0 0.492188 0.973437 0.003125 0.003125
0 0.242188 0.974219 0.006250 0.004687
0 0.079687 0.975781 0.009375 0.007812
0 0.096094 0.975781 0.007812 0.014063
0 0.179688 0.968750 0.003125 0.003125
0 0.104688 0.971094 0.003125 0.007812
0 0.087500 0.967187 0.003125 0.003125
0 0.040625 0.968750 0.006250 0.006250
0 0.534375 0.967187 0.003125 0.006250
0 0.006250 0.966406 0.006250 0.004687
0 0.966406 0.964063 0.004687 0.003125
0 0.205469 0.965625 0.004687 0.006250
0 0.193750 0.968750 0.006250 0.012500
0 0.042188 0.962500 0.003125 0.003125
0 0.535937 0.960938 0.003125 0.003125
0 0.453125 0.960156 0.006250 0.007812
0 0.557813 0.956250 0.003125 0.003125
0 0.375000 0.957031 0.003125 0.004687
0 0.365625 0.956250 0.003125 0.003125
0 0.214062 0.957812 0.003125 0.006250
0 0.985938 0.953125 0.003125 0.003125
0 0.975781 0.953125 0.004687 0.003125
0 0.454688 0.952344 0.006250 0.004687
0 0.221875 0.953125 0.003125 0.006250
0 0.178906 0.951562 0.004687 0.003125
0 0.416406 0.952344 0.004687 0.007812
0 0.421875 0.973437 0.056250 0.053125
0 0.170313 0.950781 0.009375 0.007812
0 0.097656 0.950000 0.007812 0.006250
0 0.442188 0.947656 0.006250 0.004687
0 0.429688 0.947656 0.003125 0.004687
0 0.123438 0.946875 0.003125 0.003125
0 0.176563 0.946094 0.003125 0.004687
0 0.539844 0.944531 0.004687 0.004687
0 0.442188 0.942187 0.006250 0.003125
0 0.093750 0.942187 0.003125 0.003125
0 0.164062 0.940625 0.003125 0.003125
0 0.139063 0.942187 0.003125 0.006250
0 0.016406 0.958594 0.032813 0.039062
0 0.437500 0.939063 0.003125 0.003125
0 0.428125 0.939063 0.003125 0.003125
0 0.193750 0.952344 0.031250 0.029687
0 0.134375 0.939063 0.003125 0.003125
0 0.010156 0.939063 0.007812 0.003125
0 0.153125 0.942187 0.015625 0.012500
0 0.100000 0.940625 0.003125 0.009375
0 0.384375 0.936719 0.006250 0.004687
0 0.101562 0.935156 0.003125 0.004687
0 0.029687 0.940625 0.009375 0.015625
0 0.441406 0.932813 0.004687 0.003125
0 0.204687 0.932813 0.003125 0.003125
0 0.995313 0.932813 0.003125 0.006250
0 0.019531 0.932031 0.004687 0.004687
0 0.432031 0.931250 0.010937 0.006250
0 0.189062 0.939063 0.018750 0.021875
0 0.160938 0.932031 0.012500 0.010937
0 0.108594 0.928125 0.004687 0.003125
0 0.189062 0.926562 0.003125 0.003125
0 0.140625 0.928906 0.009375 0.010937
0 0.030469 0.927344 0.004687 0.007812
0 0.185938 0.923438 0.006250 0.006250
0 0.432812 0.921094 0.006250 0.004687
0 0.452344 0.919531 0.004687 0.004687
0 0.147656 0.920312 0.004687 0.006250
0 0.105469 0.919531 0.004687 0.004687
0 0.129688 0.928125 0.012500 0.025000
0 0.183594 0.915625 0.004687 0.006250
0 0.165625 0.917969 0.012500 0.014063
0 0.041406 0.920312 0.017188 0.021875
0 0.160156 0.908594 0.004687 0.007812
0 0.059375 0.907031 0.006250 0.004687
0 0.052344 0.906250 0.004687 0.003125
0 0.035156 0.908594 0.007812 0.007812
0 0.087500 0.903906 0.003125 0.004687
0 0.191406 0.904687 0.007812 0.009375
0 0.178125 0.902344 0.003125 0.004687
0 0.117188 0.906250 0.009375 0.012500
0 0.047656 0.903125 0.004687 0.006250
0 0.464844 0.900781 0.004687 0.004687
0 0.107813 0.949219 0.137500 0.101562
0 0.003906 0.905469 0.007812 0.014063
0 0.163281 0.899219 0.004687 0.004687
0 0.107031 0.900781 0.014063 0.007812
0 0.060937 0.895312 0.003125 0.003125
0 0.484375 0.892188 0.003125 0.003125
0 0.062500 0.890625 0.003125 0.003125
0 0.068750 0.889062 0.003125 0.003125
0 0.003125 0.890625 0.006250 0.006250
0 0.468750 0.885156 0.003125 0.004687
0 0.193750 0.889844 0.009375 0.014063
0 0.134375 0.884375 0.003125 0.003125
0 0.117188 0.890625 0.012500 0.015625
0 0.042188 0.889062 0.009375 0.012500
0 0.184375 0.885938 0.006250 0.009375
0 0.139063 0.883594 0.003125 0.004687
0 0.005469 0.882031 0.004687 0.004687
0 0.264062 0.882031 0.006250 0.007812
0 0.122656 0.878125 0.004687 0.003125
0 0.065625 0.879687 0.003125 0.009375
0 0.988281 0.876563 0.004687 0.009375
0 0.044531 0.875781 0.004687 0.007812
0 0.006250 0.875781 0.009375 0.007812
0 0.085938 0.871875 0.003125 0.003125
0 0.002344 0.871094 0.004687 0.004687
0 0.149219 0.867969 0.004687 0.004687
0 0.485156 0.867188 0.004687 0.006250
0 0.067187 0.866406 0.003125 0.007812
0 0.010156 0.865625 0.004687 0.006250
0 0.096875 0.863281 0.006250 0.004687
0 0.049219 0.865625 0.007812 0.009375
0 0.077344 0.860938 0.004687 0.006250
0 0.011719 0.860156 0.004687 0.004687
0 0.160938 0.865625 0.018750 0.021875
0 0.014063 0.856250 0.003125 0.003125
0 0.151562 0.853125 0.003125 0.003125
0 0.093750 0.853125 0.003125 0.003125
0 0.089063 0.853125 0.003125 0.003125
0 0.060937 0.851562 0.003125 0.003125
0 0.054688 0.851562 0.003125 0.003125
0 0.067187 0.850000 0.003125 0.003125
0 0.465625 0.860938 0.028125 0.028125
0 0.164062 0.848437 0.003125 0.003125
0 0.116406 0.864062 0.017188 0.034375
0 0.156250 0.849219 0.006250 0.007812
0 0.089063 0.843750 0.003125 0.006250
0 0.078125 0.843750 0.006250 0.009375
0 0.246875 0.837500 0.003125 0.003125
0 0.091406 0.837500 0.007812 0.003125
0 0.467187 0.835938 0.003125 0.003125
0 0.106250 0.838281 0.009375 0.007812
0 0.064062 0.836719 0.015625 0.010937
0 0.043750 0.833594 0.006250 0.004687
0 0.090625 0.831250 0.006250 0.003125
0 0.084375 0.832031 0.003125 0.004687
0 0.485938 0.846094 0.028125 0.035937
0 0.076563 0.832031 0.006250 0.007812
0 0.974219 0.828906 0.004687 0.004687
0 0.114844 0.832812 0.004687 0.012500
0 0.995313 0.837500 0.009375 0.025000
0 0.085938 0.826562 0.003125 0.003125
0 0.232813 0.821875 0.003125 0.003125
0 0.055469 0.822656 0.004687 0.004687
0 0.239844 0.821875 0.004687 0.006250
0 0.099219 0.820312 0.004687 0.003125
0 0.109375 0.822656 0.012500 0.010937
0 0.234375 0.817187 0.003125 0.003125
0 0.074219 0.818750 0.007812 0.006250
0 0.951562 0.819531 0.015625 0.017188
0 0.125781 0.834375 0.017188 0.046875
0 0.065625 0.814063 0.003125 0.006250
0 0.062500 0.812500 0.003125 0.003125
0 0.477344 0.810937 0.004687 0.003125
0 0.251563 0.814844 0.015625 0.010937
0 0.968750 0.816406 0.018750 0.017188
0 0.167969 0.810937 0.004687 0.006250
0 0.498437 0.808594 0.003125 0.004687
0 0.135937 0.808594 0.006250 0.007812
0 0.082031 0.807813 0.004687 0.006250
0 0.121875 0.804688 0.003125 0.003125
0 0.140625 0.807031 0.006250 0.010937
0 0.998437 0.801562 0.003125 0.003125
0 0.968750 0.806250 0.006250 0.012500
0 0.256250 0.803906 0.006250 0.007812
0 0.951562 0.802344 0.006250 0.010937
0 0.247656 0.798438 0.004687 0.003125
0 0.121094 0.797656 0.004687 0.004687
0 0.984375 0.797656 0.009375 0.007812
0 0.135937 0.796875 0.003125 0.006250
0 0.103906 0.796875 0.007812 0.006250
0 0.089063 0.807813 0.012500 0.028125
0 0.004687 0.793750 0.003125 0.003125
0 0.994531 0.792969 0.004687 0.004687
0 0.978125 0.792188 0.003125 0.003125
0 0.964063 0.791406 0.006250 0.004687
0 0.125781 0.791406 0.007812 0.004687
0 0.080469 0.791406 0.004687 0.004687
0 0.003906 0.790625 0.004687 0.003125
0 0.532813 0.785937 0.003125 0.006250
0 0.128125 0.785156 0.006250 0.004687
0 0.171875 0.782813 0.006250 0.003125
0 0.539062 0.784375 0.006250 0.009375
0 0.150000 0.781250 0.003125 0.003125
0 0.112500 0.792969 0.012500 0.026562
0 0.993750 0.784375 0.006250 0.012500
0 0.504687 0.783594 0.009375 0.010937
0 0.073438 0.779687 0.003125 0.003125
0 0.264062 0.778125 0.003125 0.003125
0 0.086719 0.782813 0.004687 0.012500
0 0.108594 0.776563 0.007812 0.006250
0 0.539844 0.771875 0.004687 0.003125
0 0.274219 0.775781 0.010937 0.010937
0 0.505469 0.770312 0.004687 0.003125
0 0.485938 0.773438 0.006250 0.009375
0 0.119531 0.771094 0.004687 0.004687
0 0.377344 0.770312 0.004687 0.006250
0 0.260156 0.767969 0.004687 0.004687
0 0.518750 0.764844 0.003125 0.004687
0 0.389062 0.764062 0.003125 0.003125
0 0.151562 0.766406 0.006250 0.007812
0 0.139844 0.767969 0.010937 0.017188
0 0.382812 0.760938 0.003125 0.006250
0 0.376563 0.759375 0.003125 0.003125
0 0.050781 0.759375 0.004687 0.003125
0 0.507031 0.758594 0.004687 0.004687
0 0.184375 0.757812 0.003125 0.003125
0 0.085156 0.762500 0.007812 0.012500
0 0.181250 0.757031 0.003125 0.004687
0 0.035937 0.755469 0.003125 0.004687
0 0.507812 0.753125 0.003125 0.003125
0 0.269531 0.754687 0.007812 0.006250
0 0.998437 0.753125 0.003125 0.006250
0 0.051562 0.752344 0.003125 0.004687
0 0.543750 0.750000 0.003125 0.003125
0 0.514844 0.749219 0.004687 0.004687
0 0.276562 0.750000 0.003125 0.006250
0 0.034375 0.748437 0.003125 0.003125
0 0.509375 0.747656 0.003125 0.004687
0 0.299219 0.749219 0.004687 0.007812
0 0.144531 0.747656 0.004687 0.004687
0 0.103125 0.751563 0.009375 0.012500
0 0.062500 0.746094 0.003125 0.007812
0 0.054688 0.743750 0.003125 0.003125
0 0.529687 0.750000 0.012500 0.018750
0 0.140625 0.742188 0.003125 0.003125
0 0.039062 0.742969 0.006250 0.004687
0 0.562500 0.743750 0.006250 0.009375
0 0.372656 0.741406 0.004687 0.004687
0 0.317188 0.741406 0.003125 0.004687
0 0.304688 0.741406 0.006250 0.004687
0 0.259375 0.739062 0.003125 0.003125
0 0.298438 0.737500 0.003125 0.006250
0 0.187500 0.735938 0.003125 0.003125
0 0.153906 0.740625 0.004687 0.012500
0 0.128125 0.742188 0.006250 0.015625
0 0.313281 0.734375 0.007812 0.003125
0 0.557031 0.738281 0.014063 0.014063
0 0.410938 0.732812 0.003125 0.003125
0 0.581250 0.728906 0.003125 0.004687
0 0.389062 0.728906 0.003125 0.004687
0 0.112500 0.729688 0.003125 0.006250
0 0.266406 0.730469 0.007812 0.010937
0 0.428906 0.728125 0.004687 0.009375
0 0.292187 0.731250 0.025000 0.015625
0 0.306250 0.723437 0.003125 0.003125
0 0.577344 0.724219 0.004687 0.007812
0 0.142187 0.721875 0.003125 0.003125
0 0.404687 0.721094 0.003125 0.004687
0 0.396875 0.726562 0.015625 0.015625
0 0.254688 0.725781 0.015625 0.014063
0 0.468750 0.721094 0.006250 0.007812
0 0.002344 0.726562 0.004687 0.018750
0 0.535937 0.729688 0.015625 0.028125
0 0.415625 0.717187 0.003125 0.003125
0 0.104688 0.717187 0.003125 0.003125
0 0.574219 0.716406 0.004687 0.004687
0 0.154688 0.718750 0.006250 0.009375
0 0.428125 0.715625 0.006250 0.006250
0 0.264062 0.716406 0.003125 0.007812
0 0.116406 0.716406 0.010937 0.007812
0 0.545312 0.717187 0.009375 0.012500
0 0.056250 0.712500 0.003125 0.003125
0 0.311719 0.710938 0.004687 0.003125
0 0.154688 0.710156 0.003125 0.004687
0 0.457031 0.708594 0.010937 0.004687
0 0.500000 0.739062 0.053125 0.068750
0 0.428906 0.706250 0.004687 0.003125
0 0.253906 0.710938 0.007812 0.012500
0 0.157812 0.707031 0.006250 0.004687
0 0.090625 0.708594 0.003125 0.007812
0 0.502344 0.707031 0.007812 0.007812
0 0.475781 0.710156 0.007812 0.014063
0 0.100000 0.704688 0.003125 0.003125
0 0.513281 0.703906 0.004687 0.004687
0 0.439063 0.703906 0.003125 0.004687
0 0.478906 0.702344 0.004687 0.004687
0 0.103906 0.701562 0.007812 0.003125
0 0.529687 0.706250 0.012500 0.018750
0 0.314844 0.702344 0.007812 0.010937
0 0.071094 0.707812 0.017188 0.021875
0 0.479687 0.723437 0.034375 0.056250
0 0.225781 0.697656 0.007812 0.004687
0 0.188281 0.814844 0.129688 0.239063
0 0.103906 0.696875 0.004687 0.003125
0 0.138281 0.705469 0.014063 0.023438
0 0.128906 0.696875 0.004687 0.006250
0 0.384375 0.696875 0.006250 0.009375
0 0.312500 0.693750 0.006250 0.003125
0 0.163281 0.694531 0.004687 0.004687
0 0.520312 0.692969 0.003125 0.004687
0 0.301563 0.706250 0.018750 0.031250
0 0.259375 0.692969 0.003125 0.004687
0 0.036719 0.692969 0.004687 0.004687
0 0.515625 0.690625 0.003125 0.003125
0 0.085938 0.694531 0.018750 0.010937
0 0.043750 0.692187 0.003125 0.006250
0 0.025000 0.690625 0.003125 0.003125
0 0.509375 0.688281 0.006250 0.004687
0 0.386719 0.689844 0.010937 0.007812
0 0.251563 0.688281 0.006250 0.004687
0 0.502344 0.688281 0.007812 0.007812
0 0.287500 0.685937 0.003125 0.003125
0 0.138281 0.688281 0.004687 0.007812
0 0.147656 0.686719 0.004687 0.007812
0 0.125000 0.688281 0.006250 0.010937
0 0.036719 0.685156 0.004687 0.004687
0 0.010156 0.688281 0.007812 0.010937
0 0.541406 0.688281 0.010937 0.014063
0 0.527344 0.688281 0.007812 0.014063
0 0.302344 0.684375 0.004687 0.006250
0 0.207031 0.685937 0.007812 0.012500
0 0.042188 0.681250 0.003125 0.003125
0 0.425000 0.679688 0.003125 0.003125
0 0.418750 0.679688 0.003125 0.003125
0 0.386719 0.680469 0.004687 0.004687
0 0.312500 0.680469 0.003125 0.004687
0 0.242188 0.692187 0.028125 0.028125
0 0.436719 0.688281 0.020313 0.023438
0 0.510156 0.678906 0.010937 0.007812
0 0.499219 0.676562 0.004687 0.003125
0 0.050781 0.681250 0.010937 0.012500
0 0.428906 0.683594 0.014063 0.020313
0 0.298438 0.675000 0.003125 0.003125
0 0.042969 0.675000 0.004687 0.006250
0 0.099219 0.684375 0.029687 0.028125
0 0.517188 0.668750 0.006250 0.003125
0 0.297656 0.668750 0.004687 0.003125
0 0.308594 0.667188 0.004687 0.003125
0 0.124219 0.673438 0.007812 0.015625
0 0.945312 0.666406 0.003125 0.004687
0 0.504687 0.665625 0.003125 0.003125
0 0.222656 0.666406 0.004687 0.004687
0 0.010937 0.665625 0.006250 0.003125
0 0.198437 0.664062 0.003125 0.003125
0 0.141406 0.664844 0.004687 0.004687
0 0.023438 0.664062 0.003125 0.003125
0 0.142187 0.660937 0.003125 0.003125
0 0.043750 0.661719 0.003125 0.004687
0 0.012500 0.660937 0.006250 0.003125
0 0.505469 0.660156 0.004687 0.004687
0 0.489063 0.659375 0.006250 0.003125
0 0.210156 0.663281 0.004687 0.010937
0 0.428125 0.659375 0.006250 0.006250
0 0.029687 0.664062 0.009375 0.015625
0 0.440625 0.656250 0.003125 0.003125
0 0.180469 0.660937 0.020313 0.012500
0 0.500781 0.654687 0.004687 0.003125
0 0.128906 0.655469 0.007812 0.007812
0 0.104688 0.653906 0.006250 0.004687
0 0.032813 0.653125 0.003125 0.003125
0 0.543750 0.652344 0.006250 0.004687
0 0.493750 0.653125 0.006250 0.006250
0 0.168750 0.653906 0.012500 0.007812
0 0.099219 0.653906 0.004687 0.007812
0 0.018750 0.652344 0.003125 0.004687
0 0.508594 0.652344 0.004687 0.007812
0 0.118750 0.650000 0.003125 0.003125
0 0.958594 0.650781 0.004687 0.007812
0 0.530469 0.663281 0.017188 0.032813
0 0.500781 0.649219 0.004687 0.004687
0 0.175781 0.650000 0.004687 0.006250
0 0.137500 0.648438 0.003125 0.003125
0 0.538281 0.646875 0.004687 0.003125
0 0.064062 0.646875 0.003125 0.003125
0 0.942187 0.645312 0.003125 0.003125
0 0.950000 0.645312 0.009375 0.009375
0 0.142187 0.642969 0.003125 0.004687
0 0.021875 0.642188 0.003125 0.006250
0 0.006250 0.640625 0.003125 0.003125
0 0.962500 0.639062 0.006250 0.003125
0 0.510938 0.640625 0.006250 0.006250
0 0.539844 0.639844 0.004687 0.007812
0 0.530469 0.639062 0.010937 0.006250
0 0.425000 0.637500 0.003125 0.003125
0 0.173437 0.640625 0.009375 0.009375
0 0.971875 0.639062 0.009375 0.009375
0 0.483594 0.635938 0.004687 0.003125
0 0.431250 0.635938 0.003125 0.003125
0 0.117969 0.639844 0.010937 0.010937
0 0.204687 0.635938 0.003125 0.006250
0 0.183594 0.644531 0.010937 0.023438
0 0.131250 0.634375 0.003125 0.003125
0 0.042969 0.643750 0.017188 0.021875
0 0.535937 0.632812 0.003125 0.003125
0 0.935156 0.639062 0.007812 0.018750
0 0.049219 0.632031 0.004687 0.004687
0 0.042969 0.631250 0.004687 0.003125
0 0.331250 0.631250 0.003125 0.006250
0 0.029687 0.635156 0.006250 0.014063
0 0.007812 0.631250 0.006250 0.006250
0 0.155469 0.660937 0.023438 0.068750
0 0.200000 0.626563 0.003125 0.003125
0 0.935156 0.625781 0.004687 0.004687
0 0.121094 0.628125 0.010937 0.009375
0 0.078125 0.626563 0.006250 0.006250
0 0.009375 0.625000 0.003125 0.003125
0 0.136719 0.623437 0.004687 0.003125
0 0.082812 0.621875 0.003125 0.003125
0 0.983594 0.618750 0.004687 0.006250
0 0.969531 0.620313 0.004687 0.009375
0 0.944531 0.624219 0.023438 0.017188
0 0.539062 0.620313 0.006250 0.009375
0 0.439063 0.617188 0.003125 0.003125
0 0.008594 0.618750 0.010937 0.006250
0 0.043750 0.617188 0.006250 0.006250
0 0.022656 0.617188 0.004687 0.006250
0 0.446875 0.614062 0.006250 0.003125
0 0.127344 0.615625 0.004687 0.006250
0 0.190625 0.612500 0.003125 0.003125
0 0.185156 0.612500 0.004687 0.003125
0 0.177344 0.621875 0.010937 0.025000
0 0.139063 0.613281 0.012500 0.007812
0 0.050781 0.614062 0.004687 0.009375
0 0.209375 0.609375 0.003125 0.003125
0 0.134375 0.609375 0.003125 0.003125
0 0.116406 0.617969 0.010937 0.020313
0 0.035937 0.619531 0.009375 0.023438
0 0.226562 0.607812 0.003125 0.003125
0 0.148438 0.607812 0.003125 0.003125
0 0.025781 0.610156 0.004687 0.007812
0 0.972656 0.610938 0.017188 0.012500
0 0.443750 0.605469 0.006250 0.007812
0 0.162500 0.603125 0.003125 0.003125
0 0.992188 0.614062 0.015625 0.028125
0 0.983594 0.603125 0.007812 0.006250
0 0.335156 0.601562 0.004687 0.003125
0 0.117969 0.602344 0.007812 0.004687
0 0.036719 0.601562 0.007812 0.006250
0 0.008594 0.605469 0.007812 0.017188
0 0.458594 0.597656 0.004687 0.004687
0 0.176563 0.597656 0.003125 0.004687
0 0.001563 0.596875 0.003125 0.003125
0 0.521875 0.600781 0.009375 0.014063
0 0.234375 0.600000 0.012500 0.012500
0 0.091406 0.597656 0.007812 0.007812
0 0.144531 0.597656 0.004687 0.010937
0 0.345313 0.594531 0.009375 0.007812
0 0.229687 0.594531 0.003125 0.007812
0 0.118750 0.593750 0.006250 0.006250
0 0.015625 0.592187 0.003125 0.003125
0 0.006250 0.592187 0.003125 0.003125
0 0.096875 0.590625 0.003125 0.003125
0 0.030469 0.592187 0.004687 0.006250
0 0.146875 0.589063 0.003125 0.003125
0 0.989062 0.590625 0.003125 0.009375
0 0.448437 0.588281 0.003125 0.004687
0 0.418750 0.587500 0.003125 0.003125
0 0.195312 0.618750 0.028125 0.065625
0 0.009375 0.587500 0.003125 0.003125
0 0.045312 0.590625 0.006250 0.012500
0 0.023438 0.585938 0.003125 0.003125
0 0.997656 0.585938 0.004687 0.006250
0 0.415625 0.584375 0.003125 0.003125
0 0.344531 0.585156 0.004687 0.004687
0 0.092188 0.585156 0.003125 0.004687
0 0.542188 0.582812 0.003125 0.003125
0 0.217969 0.592187 0.017188 0.021875
0 0.009375 0.582812 0.003125 0.003125
0 0.001563 0.583594 0.003125 0.004687
0 0.471094 0.582031 0.004687 0.004687
0 0.453906 0.584375 0.004687 0.012500
0 0.228125 0.583594 0.006250 0.010937
0 0.095312 0.580469 0.003125 0.004687
0 0.064844 0.604688 0.048438 0.053125
0 0.329688 0.585156 0.006250 0.017188
0 0.432812 0.603906 0.034375 0.057813
0 0.366406 0.580469 0.004687 0.010937
0 0.434375 0.575000 0.003125 0.003125
0 0.417969 0.575781 0.007812 0.004687
0 0.093750 0.575000 0.003125 0.003125
0 0.978125 0.573438 0.006250 0.003125
0 0.328125 0.574219 0.012500 0.004687
0 0.235156 0.576562 0.004687 0.009375
0 0.560937 0.571875 0.003125 0.003125
0 0.530469 0.592187 0.017188 0.043750
0 0.360938 0.571875 0.003125 0.003125
0 0.276562 0.571875 0.003125 0.003125
0 0.196094 0.580469 0.017188 0.020313
0 0.119531 0.571875 0.004687 0.003125
0 0.075781 0.575781 0.010937 0.010937
0 0.020313 0.580469 0.009375 0.020313
0 0.007812 0.573438 0.006250 0.006250
0 0.289844 0.568750 0.004687 0.003125
0 0.267969 0.571094 0.007812 0.007812
0 0.129688 0.569531 0.003125 0.004687
0 0.564063 0.567187 0.006250 0.003125
0 0.330469 0.565625 0.004687 0.006250
0 0.173437 0.564063 0.003125 0.003125
0 0.110156 0.564844 0.004687 0.004687
0 0.307812 0.567187 0.009375 0.012500
0 0.269531 0.648438 0.114062 0.175000
0 0.024219 0.564063 0.004687 0.006250
0 0.443750 0.561719 0.003125 0.004687
0 0.285156 0.563281 0.007812 0.007812
0 0.139063 0.566406 0.009375 0.014063
0 0.003125 0.562500 0.006250 0.006250
0 0.550781 0.559375 0.004687 0.003125
0 0.537500 0.559375 0.003125 0.003125
0 0.317969 0.567969 0.010937 0.020313
0 0.082812 0.567187 0.012500 0.018750
0 0.603906 0.561719 0.007812 0.010937
0 0.432812 0.559375 0.006250 0.006250
0 0.190625 0.558594 0.006250 0.004687
0 0.296094 0.563281 0.010937 0.017188
0 0.552344 0.554688 0.004687 0.003125
0 0.325781 0.557031 0.007812 0.007812
0 0.083594 0.554688 0.004687 0.003125
0 0.543750 0.554688 0.006250 0.009375
0 0.467187 0.551562 0.003125 0.003125
0 0.068750 0.707031 0.137500 0.314063
0 0.990625 0.550000 0.003125 0.003125
0 0.207813 0.557031 0.009375 0.017188
0 0.201563 0.550000 0.003125 0.003125
0 0.115625 0.553125 0.006250 0.009375
0 0.060156 0.550000 0.004687 0.003125
0 0.338281 0.555469 0.007812 0.017188
0 0.033594 0.556250 0.017188 0.018750
0 0.008594 0.550000 0.004687 0.006250
0 0.223438 0.560937 0.025000 0.031250
0 0.060937 0.545312 0.003125 0.003125
0 0.075781 0.544531 0.004687 0.004687
0 0.553125 0.542188 0.003125 0.003125
0 0.176563 0.542188 0.003125 0.003125
0 0.560937 0.540625 0.003125 0.003125
0 0.266406 0.554688 0.023438 0.031250
0 0.262500 0.537500 0.003125 0.003125
0 0.175000 0.537500 0.003125 0.003125
0 0.064844 0.538281 0.004687 0.004687
0 0.053125 0.542188 0.009375 0.012500
0 0.009375 0.538281 0.003125 0.004687
0 0.539844 0.536719 0.007812 0.004687
0 0.234375 0.539062 0.009375 0.009375
0 0.089844 0.539062 0.004687 0.009375
0 0.030469 0.539844 0.014063 0.010937
0 0.106250 0.535937 0.006250 0.006250
0 0.242188 0.532031 0.003125 0.004687
0 0.229687 0.531250 0.003125 0.003125
0 0.048438 0.532031 0.003125 0.004687
0 0.026562 0.531250 0.003125 0.003125
0 0.551562 0.531250 0.006250 0.006250
0 0.171094 0.529687 0.004687 0.003125
0 0.166406 0.531250 0.004687 0.006250
0 0.089844 0.530469 0.007812 0.004687
0 0.272656 0.535156 0.010937 0.017188
0 0.201563 0.527344 0.003125 0.004687
0 0.287500 0.526563 0.003125 0.006250
0 0.167187 0.525000 0.003125 0.003125
0 0.179688 0.523438 0.003125 0.003125
0 0.059375 0.523438 0.003125 0.003125
0 0.053906 0.523438 0.004687 0.003125
0 0.159375 0.522656 0.003125 0.004687
0 0.334375 0.524219 0.006250 0.010937
0 0.564844 0.518750 0.004687 0.003125
0 0.075000 0.527344 0.012500 0.020313
0 0.993750 0.517188 0.003125 0.003125
0 0.437500 0.535156 0.015625 0.039062
0 0.285938 0.517969 0.003125 0.007812
0 0.130469 0.535937 0.039062 0.043750
0 0.095312 0.515625 0.003125 0.003125
0 0.147656 0.514844 0.004687 0.004687
0 0.014844 0.521875 0.014063 0.018750
0 0.561719 0.513281 0.004687 0.004687
0 0.185156 0.513281 0.004687 0.004687
0 0.137500 0.514062 0.009375 0.009375
0 0.439844 0.510938 0.010937 0.006250
0 0.168750 0.509375 0.006250 0.003125
0 0.057031 0.510156 0.004687 0.004687
0 0.212500 0.508594 0.006250 0.004687
0 0.186719 0.507812 0.004687 0.003125
0 0.127344 0.507812 0.004687 0.003125
0 0.278125 0.507031 0.003125 0.004687
0 0.532031 0.505469 0.004687 0.004687
0 0.478125 0.503125 0.009375 0.003125
0 0.466406 0.503125 0.004687 0.003125
0 0.275000 0.503125 0.003125 0.003125
0 0.164062 0.503906 0.003125 0.004687
0 0.539062 0.502344 0.003125 0.004687
0 0.457813 0.502344 0.003125 0.004687
0 0.217188 0.503906 0.006250 0.007812
0 0.203906 0.504687 0.004687 0.009375
0 0.201563 0.501563 0.003125 0.003125
0 0.196094 0.501563 0.004687 0.003125
0 0.170313 0.502344 0.006250 0.004687
0 0.102344 0.516406 0.017188 0.032813
0 0.014063 0.503906 0.006250 0.007812
0 0.994531 0.501563 0.004687 0.006250
0 0.530469 0.501563 0.004687 0.006250
0 0.295312 0.503906 0.015625 0.010937
0 0.218750 0.496875 0.006250 0.006250
0 0.153906 0.504687 0.014063 0.021875
0 0.114062 0.504687 0.009375 0.021875
0 0.585938 0.494531 0.003125 0.004687
0 0.466406 0.494531 0.004687 0.004687
0 0.306250 0.493750 0.003125 0.003125
0 0.244531 0.495312 0.004687 0.006250
0 0.075000 0.493750 0.003125 0.003125
0 0.565625 0.492188 0.003125 0.003125
0 0.229687 0.492969 0.003125 0.004687
0 0.588281 0.490625 0.004687 0.003125
0 0.306250 0.523438 0.046875 0.068750
0 0.039844 0.492188 0.004687 0.006250
0 0.445312 0.489063 0.003125 0.003125
0 0.089844 0.506250 0.029687 0.037500
0 0.598437 0.489063 0.003125 0.006250
0 0.114844 0.489063 0.007812 0.006250
0 0.467187 0.487500 0.003125 0.006250
0 0.154688 0.488281 0.009375 0.007812
0 0.118750 0.486719 0.006250 0.004687
0 0.095312 0.485938 0.003125 0.003125
0 0.993750 0.485156 0.003125 0.004687
0 0.590625 0.485156 0.003125 0.004687
0 0.584375 0.484375 0.003125 0.003125
0 0.283594 0.488281 0.004687 0.010937
0 0.219531 0.484375 0.004687 0.003125
0 0.457813 0.482812 0.003125 0.003125
0 0.607031 0.481250 0.004687 0.003125
0 0.440625 0.482812 0.003125 0.006250
0 0.166406 0.489844 0.014063 0.020313
0 0.106250 0.481250 0.003125 0.003125
0 0.380469 0.478125 0.004687 0.003125
0 0.285938 0.478125 0.003125 0.003125
0 0.154688 0.479687 0.006250 0.006250
0 0.128906 0.485938 0.010937 0.018750
0 0.446094 0.477344 0.007812 0.007812
0 0.328906 0.481250 0.014063 0.015625
0 0.236719 0.475781 0.004687 0.004687
0 0.129688 0.475000 0.003125 0.003125
0 0.608594 0.473438 0.007812 0.006250
0 0.370312 0.475000 0.012500 0.009375
0 0.151562 0.471875 0.003125 0.003125
0 0.167969 0.471875 0.004687 0.006250
0 0.110156 0.471094 0.004687 0.004687
0 0.585938 0.468750 0.003125 0.003125
0 0.553125 0.473438 0.006250 0.012500
0 0.468750 0.466406 0.003125 0.004687
0 0.562500 0.464062 0.003125 0.003125
0 0.464062 0.464062 0.003125 0.003125
0 0.089063 0.467187 0.006250 0.009375
0 0.623437 0.462500 0.003125 0.003125
0 0.172656 0.463281 0.004687 0.004687
0 0.468750 0.460938 0.003125 0.003125
0 0.383594 0.462500 0.004687 0.006250
0 0.264844 0.461719 0.004687 0.004687
0 0.103125 0.461719 0.003125 0.004687
0 0.637500 0.460156 0.003125 0.004687
0 0.341406 0.462500 0.007812 0.009375
0 0.333594 0.463281 0.004687 0.010937
0 0.122656 0.470313 0.014063 0.025000
0 0.477344 0.458594 0.004687 0.004687
0 0.144531 0.458594 0.004687 0.007812
0 0.095312 0.456250 0.003125 0.003125
0 0.582812 0.454688 0.003125 0.003125
0 0.185938 0.457813 0.003125 0.009375
0 0.385937 0.455469 0.003125 0.007812
0 0.120313 0.453125 0.003125 0.003125
0 0.101562 0.453125 0.003125 0.003125
0 0.303906 0.453125 0.004687 0.006250
0 0.003906 0.455469 0.007812 0.010937
0 0.586719 0.448437 0.004687 0.003125
0 0.575000 0.452344 0.009375 0.010937
0 0.351562 0.484375 0.056250 0.075000
0 0.175781 0.450000 0.004687 0.006250
0 0.117969 0.449219 0.004687 0.004687
0 0.556250 0.453906 0.009375 0.017188
0 0.471094 0.448437 0.004687 0.006250
0 0.260937 0.448437 0.003125 0.006250
0 0.270313 0.445312 0.003125 0.006250
0 0.660937 0.441406 0.003125 0.004687
0 0.067187 0.448437 0.006250 0.018750
0 0.377344 0.442969 0.007812 0.010937
0 0.338281 0.439063 0.004687 0.003125
0 0.493750 0.439063 0.003125 0.006250
0 0.207031 0.437500 0.004687 0.003125
0 0.576562 0.435937 0.003125 0.003125
0 0.364844 0.438281 0.004687 0.007812
0 0.007031 0.435937 0.004687 0.003125
0 0.644531 0.443750 0.032813 0.021875
0 0.304688 0.440625 0.006250 0.015625
0 0.075000 0.434375 0.003125 0.003125
0 0.582812 0.438281 0.009375 0.014063
0 0.492188 0.432812 0.003125 0.003125
0 0.350000 0.444531 0.025000 0.026562
0 0.189062 0.432812 0.003125 0.003125
0 0.248438 0.432031 0.003125 0.004687
0 0.112500 0.442969 0.015625 0.029687
0 0.270313 0.429688 0.003125 0.006250
0 0.640625 0.427344 0.006250 0.004687
0 0.573438 0.428125 0.006250 0.006250
0 0.190625 0.425000 0.003125 0.003125
0 0.129688 0.435937 0.012500 0.025000
0 0.024219 0.425781 0.004687 0.004687
0 0.001563 0.425000 0.003125 0.003125
0 0.631250 0.423438 0.003125 0.003125
0 0.566406 0.426563 0.007812 0.009375
0 0.141406 0.425781 0.007812 0.007812
0 0.103125 0.423438 0.003125 0.003125
0 0.578906 0.423438 0.004687 0.006250
0 0.148438 0.421875 0.003125 0.003125
0 0.118750 0.421875 0.003125 0.003125
0 0.507031 0.421875 0.004687 0.006250
0 0.275000 0.422656 0.006250 0.007812
0 0.267188 0.418750 0.003125 0.003125
0 0.112500 0.419531 0.003125 0.004687
0 0.162500 0.416406 0.003125 0.004687
0 0.385937 0.414062 0.003125 0.003125
0 0.585156 0.411719 0.004687 0.007812
0 0.256250 0.412500 0.003125 0.009375
0 0.625781 0.407813 0.004687 0.003125
0 0.294531 0.409375 0.004687 0.006250
0 0.276562 0.407813 0.003125 0.003125
0 0.164844 0.409375 0.007812 0.006250
0 0.246875 0.406250 0.003125 0.006250
0 0.078906 0.403906 0.004687 0.004687
0 0.263281 0.405469 0.007812 0.010937
0 0.182812 0.398438 0.003125 0.003125
0 0.500781 0.548438 0.126562 0.309375
0 0.397656 0.396875 0.004687 0.006250
0 0.299219 0.397656 0.007812 0.007812
0 0.282813 0.396094 0.006250 0.004687
0 0.268750 0.397656 0.006250 0.007812
0 0.249219 0.395313 0.004687 0.003125
0 0.166406 0.395313 0.004687 0.003125
0 0.026562 0.405469 0.018750 0.026562
0 0.089844 0.425781 0.051562 0.070312
0 0.400000 0.391406 0.003125 0.004687
0 0.292969 0.396094 0.010937 0.014063
0 0.175000 0.389062 0.003125 0.003125
0 0.076563 0.392969 0.006250 0.014063
0 0.067187 0.387500 0.003125 0.003125
0 0.542969 0.386719 0.004687 0.004687
0 0.296875 0.386719 0.003125 0.004687
0 0.553125 0.385156 0.006250 0.004687
0 0.362500 0.383594 0.003125 0.004687
0 0.291406 0.382812 0.004687 0.003125
0 0.155469 0.389844 0.010937 0.017188
0 0.535937 0.381250 0.003125 0.003125
0 0.376563 0.396875 0.018750 0.034375
0 0.282813 0.381250 0.003125 0.003125
0 0.184375 0.383594 0.006250 0.007812
0 0.278125 0.380469 0.003125 0.004687
0 0.271875 0.382031 0.006250 0.010937
0 0.554688 0.376563 0.003125 0.003125
0 0.306250 0.376563 0.006250 0.003125
0 0.388281 0.378125 0.004687 0.009375
0 0.332813 0.430469 0.059375 0.114062
0 0.171094 0.377344 0.010937 0.007812
0 0.045312 0.377344 0.003125 0.007812
0 0.014844 0.377344 0.007812 0.007812
0 0.535937 0.375000 0.003125 0.006250
0 0.132031 0.398438 0.029687 0.053125
0 0.107813 0.385937 0.015625 0.028125
0 0.032813 0.380469 0.021875 0.020313
0 0.609375 0.418750 0.043750 0.100000
0 0.267188 0.373437 0.009375 0.009375
0 0.169531 0.370312 0.004687 0.003125
0 0.057031 0.370312 0.004687 0.003125
0 0.551562 0.371094 0.003125 0.007812
0 0.368750 0.370312 0.006250 0.006250
0 0.280469 0.371875 0.014063 0.009375
0 0.157812 0.368750 0.003125 0.003125
0 0.639062 0.368750 0.009375 0.006250
0 0.182031 0.367969 0.004687 0.004687
0 0.144531 0.372656 0.007812 0.014063
0 0.416406 0.367188 0.004687 0.006250
0 0.281250 0.365625 0.006250 0.003125
0 0.377344 0.368750 0.004687 0.012500
0 0.121094 0.364844 0.004687 0.004687
0 0.267188 0.362500 0.003125 0.003125
0 0.260156 0.364844 0.007812 0.007812
0 0.194531 0.364844 0.004687 0.007812
0 0.162500 0.364063 0.006250 0.006250
0 0.053125 0.365625 0.009375 0.012500
0 0.340625 0.362500 0.006250 0.009375
0 0.387500 0.359375 0.003125 0.006250
0 0.267969 0.357031 0.004687 0.004687
0 0.148438 0.356250 0.003125 0.003125
0 0.632031 0.357812 0.004687 0.009375
0 0.293750 0.357812 0.006250 0.009375
0 0.282031 0.353125 0.004687 0.006250
0 0.273438 0.358594 0.006250 0.017188
0 0.153125 0.351562 0.003125 0.003125
0 0.983594 0.350000 0.004687 0.006250
0 0.193750 0.349219 0.003125 0.004687
0 0.019531 0.350781 0.004687 0.007812
0 0.268750 0.347656 0.006250 0.004687
0 0.234375 0.347656 0.003125 0.004687
0 0.423438 0.345313 0.003125 0.003125
0 0.178906 0.345313 0.004687 0.003125
0 0.276562 0.344531 0.003125 0.004687
0 0.254688 0.343750 0.003125 0.003125
0 0.028906 0.344531 0.004687 0.004687
0 0.302344 0.340625 0.004687 0.003125
0 0.214844 0.429688 0.085938 0.181250
0 0.207031 0.345313 0.007812 0.012500
0 0.548438 0.339844 0.003125 0.004687
0 0.410156 0.339062 0.004687 0.003125
0 0.006250 0.337500 0.003125 0.003125
0 0.432812 0.340625 0.009375 0.012500
0 0.267188 0.338281 0.006250 0.007812
0 0.162500 0.341406 0.012500 0.014063
0 0.126562 0.335938 0.003125 0.003125
0 0.275781 0.335938 0.007812 0.006250
0 0.258594 0.338281 0.007812 0.010937
0 0.213281 0.335156 0.010937 0.004687
0 0.184375 0.346875 0.012500 0.028125
0 0.111719 0.336719 0.007812 0.007812
0 0.030469 0.336719 0.004687 0.007812
0 0.193750 0.332813 0.003125 0.003125
0 0.997656 0.335156 0.004687 0.014063
0 0.135937 0.329688 0.003125 0.003125
0 0.146875 0.329688 0.003125 0.006250
0 0.023438 0.328125 0.003125 0.003125
0 0.241406 0.336719 0.007812 0.023438
0 0.227344 0.328906 0.004687 0.007812
0 0.175781 0.328906 0.004687 0.007812
0 0.151562 0.325000 0.003125 0.003125
0 0.990625 0.324219 0.006250 0.007812
0 0.430469 0.326562 0.007812 0.012500
0 0.372656 0.323437 0.004687 0.006250
0 0.173437 0.321875 0.003125 0.003125
0 0.157812 0.323437 0.006250 0.006250
0 0.011719 0.323437 0.004687 0.006250
0 0.996875 0.320312 0.003125 0.003125
0 0.226562 0.321094 0.003125 0.004687
0 0.870313 0.317188 0.003125 0.003125
0 0.285156 0.324219 0.010937 0.017188
0 0.278125 0.317969 0.003125 0.004687
0 0.259375 0.317188 0.003125 0.003125
0 0.292187 0.315625 0.003125 0.003125
0 0.003906 0.324219 0.007812 0.020313
0 0.989062 0.314063 0.003125 0.006250
0 0.248438 0.312500 0.003125 0.003125
0 0.132812 0.315625 0.021875 0.009375
0 0.443750 0.310937 0.003125 0.003125
0 0.165625 0.310937 0.003125 0.003125
0 0.160938 0.311719 0.003125 0.004687
0 0.437500 0.312500 0.006250 0.009375
0 0.181250 0.314063 0.006250 0.012500
0 0.010156 0.314063 0.017188 0.012500
0 0.867969 0.310156 0.010937 0.007812
0 0.425781 0.310937 0.010937 0.012500
0 0.149219 0.305469 0.004687 0.007812
0 0.135937 0.303125 0.003125 0.003125
0 0.119531 0.307031 0.007812 0.010937
0 0.088281 0.308594 0.004687 0.014063
0 0.414062 0.301563 0.003125 0.003125
0 0.362500 0.307031 0.009375 0.014063
0 0.282813 0.302344 0.006250 0.004687
0 0.212500 0.301563 0.003125 0.003125
0 0.197656 0.301563 0.004687 0.003125
0 0.994531 0.307031 0.010937 0.017188
0 0.863281 0.298438 0.007812 0.003125
0 0.292187 0.305469 0.009375 0.017188
0 0.016406 0.302344 0.007812 0.010937
0 0.442188 0.301563 0.015625 0.015625
0 0.385937 0.317188 0.018750 0.046875
0 0.193750 0.306250 0.015625 0.025000
0 0.398438 0.293750 0.003125 0.003125
0 0.206250 0.293750 0.003125 0.003125
0 0.185938 0.290625 0.003125 0.003125
0 0.246875 0.289062 0.006250 0.003125
0 0.178906 0.290625 0.004687 0.006250
0 0.024219 0.293750 0.004687 0.012500
0 0.014063 0.289062 0.003125 0.003125
0 0.373437 0.288281 0.003125 0.004687
0 0.173437 0.302344 0.015625 0.032813
0 0.874219 0.287500 0.004687 0.006250
0 0.214062 0.287500 0.003125 0.006250
0 0.134375 0.295312 0.018750 0.021875
0 0.239063 0.285156 0.003125 0.004687
0 0.858594 0.285156 0.004687 0.007812
0 0.435937 0.282813 0.006250 0.003125
0 0.254688 0.282813 0.003125 0.003125
0 0.200781 0.285156 0.010937 0.007812
0 0.135937 0.282031 0.003125 0.004687
0 0.030469 0.282031 0.004687 0.004687
0 0.020313 0.281250 0.003125 0.003125
0 0.464062 0.280469 0.006250 0.004687
0 0.367188 0.279687 0.003125 0.003125
0 0.225000 0.279687 0.003125 0.003125
0 0.141406 0.279687 0.004687 0.003125
0 0.203125 0.278125 0.003125 0.003125
0 0.168750 0.278125 0.003125 0.003125
0 0.130469 0.280469 0.004687 0.007812
0 0.867969 0.276562 0.004687 0.003125
0 0.017188 0.276562 0.003125 0.003125
0 0.407813 0.275000 0.003125 0.003125
0 0.384375 0.290625 0.025000 0.034375
0 0.229687 0.275000 0.003125 0.003125
0 0.164844 0.275000 0.004687 0.003125
0 0.878125 0.276562 0.012500 0.009375
0 0.235937 0.274219 0.003125 0.004687
0 0.137500 0.275000 0.006250 0.006250
0 0.190625 0.273438 0.009375 0.006250
0 0.439844 0.285938 0.029687 0.034375
0 0.217969 0.274219 0.007812 0.010937
0 0.169531 0.270313 0.004687 0.003125
0 0.387500 0.268750 0.003125 0.003125
0 0.243750 0.276562 0.012500 0.018750
0 0.860938 0.267969 0.003125 0.004687
0 0.286719 0.276562 0.020313 0.021875
0 0.229687 0.269531 0.009375 0.007812
0 0.107031 0.266406 0.004687 0.004687
0 0.893750 0.265625 0.006250 0.006250
0 0.384375 0.265625 0.003125 0.006250
0 0.198437 0.264844 0.003125 0.004687
0 0.121875 0.265625 0.003125 0.006250
0 0.464062 0.265625 0.006250 0.009375
0 0.394531 0.266406 0.007812 0.010937
0 0.263281 0.269531 0.007812 0.017188
0 0.256250 0.270313 0.009375 0.018750
0 0.115625 0.260937 0.003125 0.003125
0 0.863281 0.260156 0.004687 0.004687
0 0.525000 0.260937 0.006250 0.006250
0 0.193750 0.259375 0.003125 0.003125
0 0.850781 0.263281 0.010937 0.014063
0 0.248438 0.261719 0.012500 0.010937
0 0.465625 0.257031 0.003125 0.004687
0 0.189062 0.258594 0.003125 0.007812
0 0.048438 0.256250 0.003125 0.003125
0 0.177344 0.269531 0.017188 0.032813
0 0.040625 0.255469 0.003125 0.004687
0 0.895312 0.253125 0.003125 0.003125
0 0.212500 0.253125 0.003125 0.003125
0 0.151562 0.264062 0.015625 0.025000
0 0.873437 0.256250 0.009375 0.012500
0 0.404687 0.251563 0.003125 0.003125
0 0.266406 0.252344 0.004687 0.004687
0 0.220312 0.250000 0.003125 0.003125
0 0.157812 0.250000 0.003125 0.003125
0 0.128125 0.253125 0.006250 0.009375
0 0.864844 0.248438 0.004687 0.003125
0 0.464844 0.248438 0.004687 0.003125
0 0.367188 0.252344 0.006250 0.010937
0 0.226562 0.256250 0.021875 0.018750
0 0.188281 0.249219 0.004687 0.004687
0 0.221875 0.246875 0.003125 0.003125
0 0.367188 0.243750 0.003125 0.003125
0 0.910937 0.244531 0.009375 0.007812
0 0.856250 0.242188 0.003125 0.003125
0 0.250781 0.242969 0.007812 0.004687
0 0.143750 0.242969 0.003125 0.004687
0 0.865625 0.242188 0.006250 0.006250
0 0.480469 0.242188 0.004687 0.006250
0 0.406250 0.240625 0.003125 0.003125
0 0.455469 0.243750 0.007812 0.012500
0 0.394531 0.248438 0.010937 0.021875
0 0.229687 0.242188 0.009375 0.009375
0 0.521875 0.240625 0.006250 0.009375
0 0.457813 0.236719 0.003125 0.004687
0 0.404687 0.235937 0.003125 0.003125
0 0.082812 0.236719 0.003125 0.004687
0 0.071875 0.236719 0.003125 0.004687
0 0.859375 0.236719 0.003125 0.007812
0 0.365625 0.236719 0.006250 0.007812
0 0.221094 0.237500 0.007812 0.012500
0 0.335156 0.232031 0.004687 0.004687
0 0.197656 0.236719 0.007812 0.014063
0 0.140625 0.231250 0.003125 0.003125
0 0.875000 0.229687 0.003125 0.003125
0 0.519531 0.231250 0.004687 0.006250
0 0.471875 0.231250 0.003125 0.006250
0 0.232031 0.235156 0.010937 0.014063
0 0.864844 0.229687 0.004687 0.006250
0 0.459375 0.226562 0.003125 0.003125
0 0.229687 0.226562 0.003125 0.003125
0 0.529687 0.225781 0.003125 0.004687
0 0.219531 0.226562 0.004687 0.006250
0 0.206250 0.228125 0.003125 0.009375
0 0.139063 0.225000 0.006250 0.003125
0 0.131250 0.228906 0.006250 0.010937
0 0.923438 0.223438 0.003125 0.003125
0 0.523438 0.222656 0.009375 0.007812
0 0.407813 0.225781 0.021875 0.014063
0 0.371875 0.221094 0.012500 0.007812
0 0.237500 0.219531 0.006250 0.004687
0 0.215625 0.219531 0.003125 0.004687
0 0.857812 0.217969 0.003125 0.004687
0 0.496875 0.218750 0.006250 0.006250
0 0.478906 0.219531 0.004687 0.007812
0 0.326562 0.217188 0.003125 0.003125
0 0.088281 0.217188 0.004687 0.003125
0 0.207813 0.217188 0.003125 0.006250
0 0.912500 0.215625 0.003125 0.006250
0 0.903906 0.214844 0.004687 0.004687
0 0.340625 0.217969 0.009375 0.010937
0 0.095312 0.212500 0.003125 0.003125
0 0.471875 0.214062 0.006250 0.009375
0 0.259375 0.210156 0.003125 0.004687
0 0.862500 0.216406 0.018750 0.020313
0 0.251563 0.206250 0.003125 0.003125
0 0.886719 0.204687 0.004687 0.003125
0 0.517969 0.210156 0.010937 0.014063
0 0.406250 0.205469 0.003125 0.004687
0 0.257812 0.204687 0.003125 0.003125
0 0.062500 0.363281 0.125000 0.320312
0 0.451562 0.205469 0.006250 0.007812
0 0.266406 0.202344 0.004687 0.004687
0 0.235156 0.201563 0.004687 0.003125
0 0.118750 0.203125 0.003125 0.006250
0 0.900000 0.200781 0.003125 0.004687
0 0.888281 0.200000 0.004687 0.003125
0 0.865625 0.200781 0.009375 0.007812
0 0.242969 0.200000 0.004687 0.006250
0 0.425781 0.195312 0.004687 0.003125
0 0.110937 0.196094 0.006250 0.004687
0 0.467969 0.193750 0.004687 0.003125
0 0.120313 0.193750 0.006250 0.003125
0 0.420312 0.195312 0.003125 0.009375
0 0.410938 0.190625 0.003125 0.003125
0 0.912500 0.190625 0.006250 0.006250
0 0.454688 0.192188 0.006250 0.009375
0 0.512500 0.187500 0.003125 0.003125
0 0.281250 0.187500 0.003125 0.003125
0 0.518750 0.185938 0.003125 0.003125
0 0.392188 0.186719 0.003125 0.004687
0 0.385156 0.184375 0.004687 0.003125
0 0.425000 0.182812 0.003125 0.003125
0 0.276562 0.182812 0.006250 0.006250
0 0.327344 0.183594 0.014063 0.010937
0 0.428906 0.228906 0.045312 0.107813
0 0.292969 0.176563 0.007812 0.003125
0 0.389844 0.174219 0.004687 0.004687
0 0.486719 0.175781 0.010937 0.010937
0 0.278125 0.173437 0.009375 0.006250
0 0.445312 0.171094 0.003125 0.004687
0 0.295312 0.170313 0.006250 0.006250
0 0.290625 0.166406 0.003125 0.004687
0 0.382031 0.164062 0.004687 0.006250
0 0.150000 0.159375 0.003125 0.003125
0 0.007031 0.159375 0.004687 0.006250
0 0.439063 0.167187 0.012500 0.025000
0 0.939063 0.155469 0.003125 0.004687
0 0.312500 0.267969 0.096875 0.229687
0 0.300000 0.153906 0.006250 0.004687
0 0.448437 0.153906 0.003125 0.007812
0 0.440625 0.148438 0.003125 0.003125
0 0.001563 0.145313 0.003125 0.003125
0 0.951562 0.141406 0.006250 0.004687
0 0.444531 0.142187 0.004687 0.006250
0 0.315625 0.141406 0.003125 0.007812
0 0.446875 0.138281 0.003125 0.004687
0 0.008594 0.138281 0.007812 0.004687
0 0.401562 0.135156 0.006250 0.004687
0 0.976562 0.136719 0.009375 0.010937
0 0.331250 0.131250 0.003125 0.003125
0 0.326562 0.132812 0.003125 0.006250
0 0.992188 0.129688 0.003125 0.003125
0 0.965625 0.127344 0.003125 0.004687
0 0.464844 0.127344 0.004687 0.004687
0 0.332813 0.126562 0.003125 0.003125
0 0.986719 0.125000 0.004687 0.003125
0 0.397656 0.128125 0.010937 0.009375
0 0.451562 0.123438 0.006250 0.006250
0 0.420312 0.121875 0.003125 0.003125
0 0.992188 0.120313 0.003125 0.003125
0 0.983594 0.119531 0.004687 0.004687
0 0.971875 0.118750 0.003125 0.003125
0 0.417187 0.118750 0.003125 0.003125
0 0.002344 0.118750 0.004687 0.006250
0 0.998437 0.114062 0.003125 0.003125
0 0.953906 0.125781 0.023438 0.029687
0 0.447656 0.114844 0.004687 0.007812
0 0.987500 0.109375 0.003125 0.003125
0 0.348438 0.108594 0.003125 0.004687
0 0.414062 0.105469 0.003125 0.004687
0 0.328125 0.105469 0.006250 0.004687
0 0.003125 0.106250 0.006250 0.006250
0 0.998437 0.103125 0.003125 0.003125
0 0.401562 0.103125 0.003125 0.003125
0 0.359375 0.103125 0.003125 0.003125
0 0.354687 0.103125 0.003125 0.003125
0 0.339844 0.108594 0.014063 0.014063
0 0.161719 0.103125 0.004687 0.003125
0 0.366406 0.100000 0.004687 0.003125
0 0.035937 0.101562 0.003125 0.006250
0 0.018750 0.102344 0.006250 0.007812
0 0.414062 0.100000 0.012500 0.006250
0 0.339062 0.096875 0.003125 0.003125
0 0.334375 0.097656 0.003125 0.004687
0 0.027344 0.097656 0.007812 0.004687
0 0.946875 0.103906 0.012500 0.020313
0 0.354687 0.096875 0.003125 0.006250
0 0.318750 0.094531 0.003125 0.004687
0 0.987500 0.094531 0.006250 0.007812
0 0.346875 0.097656 0.012500 0.014063
0 0.341406 0.092969 0.004687 0.004687
0 0.976562 0.092969 0.003125 0.007812
0 0.361719 0.093750 0.004687 0.009375
0 0.411719 0.092969 0.007812 0.010937
0 0.325781 0.089063 0.004687 0.003125
0 0.314844 0.090625 0.004687 0.006250
0 0.369531 0.089844 0.007812 0.007812
0 0.040625 0.087500 0.003125 0.003125
0 0.424219 0.085938 0.004687 0.003125
0 0.415625 0.085938 0.003125 0.003125
0 0.179688 0.086719 0.003125 0.004687
0 0.014063 0.085156 0.003125 0.004687
0 0.318750 0.085156 0.006250 0.007812
0 0.312500 0.082812 0.003125 0.003125
0 0.033594 0.085938 0.007812 0.009375
0 0.428125 0.082031 0.003125 0.004687
0 0.042969 0.082812 0.007812 0.006250
0 0.947656 0.085156 0.007812 0.014063
0 0.990625 0.079687 0.006250 0.006250
0 0.433594 0.088281 0.023438 0.023438
0 0.032031 0.078906 0.004687 0.004687
0 0.450781 0.075000 0.004687 0.003125
0 0.370312 0.075000 0.003125 0.003125
0 0.057813 0.075000 0.003125 0.003125
0 0.050781 0.075000 0.004687 0.003125
0 0.695312 0.074219 0.003125 0.004687
0 0.307031 0.080469 0.010937 0.020313
0 0.442188 0.068750 0.003125 0.003125
0 0.425000 0.069531 0.003125 0.004687
0 0.360938 0.071875 0.003125 0.009375
0 0.226562 0.069531 0.003125 0.004687
0 0.451562 0.067969 0.003125 0.004687
0 0.411719 0.069531 0.007812 0.007812
0 0.343750 0.075781 0.012500 0.020313
0 0.303125 0.067187 0.006250 0.003125
0 0.010156 0.069531 0.004687 0.007812
0 0.040625 0.065625 0.006250 0.003125
0 0.942969 0.070312 0.023438 0.015625
0 0.006250 0.064844 0.006250 0.004687
0 0.996875 0.062500 0.003125 0.003125
0 0.034375 0.056250 0.003125 0.003125
0 0.465625 0.054688 0.003125 0.003125
0 0.947656 0.054688 0.007812 0.006250
0 0.453906 0.053125 0.004687 0.003125
0 0.434375 0.063281 0.012500 0.023438
0 0.039844 0.053906 0.004687 0.004687
0 0.989062 0.052344 0.003125 0.004687
0 0.932031 0.056250 0.014063 0.012500
0 0.402344 0.057031 0.017188 0.014063
0 0.517188 0.053125 0.009375 0.009375
0 0.229687 0.053906 0.006250 0.010937
0 0.871094 0.049219 0.004687 0.004687
0 0.052344 0.051562 0.010937 0.009375
0 0.498437 0.047656 0.003125 0.004687
0 0.475000 0.047656 0.003125 0.004687
0 0.021094 0.067969 0.017188 0.045312
0 0.996094 0.051562 0.007812 0.015625
0 0.969531 0.079687 0.032813 0.071875
0 0.674219 0.047656 0.004687 0.007812
0 0.531250 0.043750 0.003125 0.003125
0 0.027344 0.043750 0.004687 0.003125
0 0.697656 0.042969 0.004687 0.004687
0 0.521094 0.042188 0.004687 0.003125
0 0.231250 0.042969 0.009375 0.004687
0 0.047656 0.042969 0.004687 0.004687
0 0.507031 0.042188 0.004687 0.006250
0 0.485938 0.041406 0.003125 0.004687
0 0.442969 0.047656 0.020313 0.017188
0 0.431250 0.039062 0.003125 0.003125
0 0.982812 0.037500 0.003125 0.003125
0 0.973437 0.039062 0.003125 0.006250
0 0.437500 0.037500 0.003125 0.003125
0 0.987500 0.035937 0.003125 0.003125
0 0.965625 0.035937 0.003125 0.003125
0 0.489063 0.035937 0.003125 0.003125
0 0.956250 0.035156 0.003125 0.004687
0 0.400000 0.034375 0.003125 0.003125
0 0.248438 0.036719 0.006250 0.007812
0 0.864062 0.041406 0.021875 0.020313
0 0.689844 0.037500 0.010937 0.012500
0 0.497656 0.032813 0.004687 0.003125
0 0.451562 0.034375 0.006250 0.006250
0 0.419531 0.036719 0.007812 0.010937
0 0.021875 0.035156 0.006250 0.007812
0 0.982812 0.032031 0.003125 0.004687
0 0.855469 0.031250 0.004687 0.003125
0 0.440625 0.034375 0.006250 0.009375
0 0.432812 0.032031 0.003125 0.004687
0 0.932031 0.041406 0.020313 0.026562
0 0.945312 0.027344 0.012500 0.007812
0 0.279687 0.028906 0.009375 0.010937
0 0.243750 0.025000 0.003125 0.003125
0 0.064062 0.025781 0.006250 0.004687
0 0.699219 0.023438 0.004687 0.003125
0 0.454688 0.026562 0.006250 0.009375
0 0.256250 0.025000 0.003125 0.006250
0 0.509375 0.022656 0.006250 0.004687
0 0.267969 0.021094 0.004687 0.004687
0 0.237500 0.020313 0.003125 0.003125
0 0.056250 0.020313 0.003125 0.003125
0 0.954688 0.021094 0.006250 0.007812
0 0.260937 0.020313 0.003125 0.006250
0 0.980469 0.017969 0.004687 0.004687
0 0.417187 0.023438 0.009375 0.015625
0 0.876563 0.015625 0.003125 0.003125
0 0.851562 0.015625 0.003125 0.003125
0 0.510156 0.015625 0.004687 0.003125
0 0.281250 0.015625 0.003125 0.003125
0 0.274219 0.021875 0.007812 0.015625
0 0.266406 0.015625 0.004687 0.003125
0 0.227344 0.017188 0.004687 0.006250
0 0.939844 0.018750 0.010937 0.012500
0 0.462500 0.017969 0.009375 0.010937
0 0.448437 0.014844 0.003125 0.004687
0 0.295312 0.014063 0.003125 0.003125
0 0.969531 0.012500 0.004687 0.003125
0 0.931250 0.014063 0.006250 0.006250
0 0.723437 0.012500 0.003125 0.003125
0 0.939063 0.010937 0.003125 0.003125
0 0.810156 0.011719 0.004687 0.004687
0 0.464844 0.010156 0.007812 0.004687
0 0.249219 0.017188 0.017188 0.018750
0 0.933594 0.008594 0.004687 0.004687
0 0.706250 0.007812 0.003125 0.003125
0 0.516406 0.008594 0.004687 0.004687
0 0.298438 0.008594 0.003125 0.004687
0 0.053125 0.007812 0.003125 0.003125
0 0.232031 0.006250 0.004687 0.003125
0 0.953906 0.005469 0.007812 0.004687
0 0.711719 0.014844 0.026562 0.023438
0 0.520312 0.004687 0.003125 0.003125
0 0.285938 0.007812 0.006250 0.009375
0 0.943750 0.003906 0.003125 0.004687
0 0.692969 0.003906 0.004687 0.004687
0 0.925781 0.002344 0.004687 0.004687
0 0.604688 0.500000 0.790625 1.000000
0 0.583594 0.003906 0.007812 0.007812
0 0.569531 0.003906 0.007812 0.007812
0 0.479687 0.006250 0.012500 0.012500
0 0.450000 0.002344 0.003125 0.004687
0 0.439844 0.005469 0.014063 0.010937
0 0.383594 0.002344 0.004687 0.004687
0 0.277344 0.129688 0.301563 0.259375
0 0.282031 0.001563 0.004687 0.003125
0 0.268750 0.006250 0.018750 0.012500
0 0.250781 0.004687 0.007812 0.009375
0 0.221875 0.003906 0.009375 0.007812
0 0.210938 0.003125 0.003125 0.006250
0 0.110156 0.153906 0.220312 0.307812
0 0.024219 0.028125 0.048438 0.056250
0 0.019531 0.006250 0.007812 0.012500
0 0.013281 0.004687 0.004687 0.009375