0 0.641406 0.997656 0.007812 0.004687
0 0.225000 0.997656 0.006250 0.004687
0 0.680469 0.996094 0.004687 0.004687
0 0.616406 0.992188 0.004687 0.003125
0 0.574219 0.995313 0.007812 0.009375
0 0.725781 0.992969 0.010937 0.007812
0 0.685937 0.992969 0.003125 0.007812
0 0.610156 0.994531 0.007812 0.010937
0 0.532813 0.991406 0.003125 0.004687
0 0.735156 0.989844 0.004687 0.004687
0 0.579688 0.989844 0.003125 0.004687
0 0.562500 0.989844 0.003125 0.004687
0 0.310937 0.989062 0.003125 0.003125
0 0.774219 0.992969 0.020313 0.014063
0 0.556250 0.988281 0.006250 0.004687
0 0.746875 0.985938 0.003125 0.003125
0 0.530469 0.984375 0.004687 0.003125
0 0.731250 0.982812 0.003125 0.003125
0 0.644531 0.985938 0.004687 0.009375
0 0.522656 0.983594 0.004687 0.004687
0 0.614062 0.981250 0.003125 0.003125
0 0.693750 0.989062 0.006250 0.021875
0 0.567969 0.980469 0.007812 0.004687
0 0.458594 0.980469 0.004687 0.004687
0 0.378125 0.979688 0.003125 0.003125
0 0.321094 0.982812 0.007812 0.009375
0 0.701562 0.975781 0.003125 0.004687
0 0.676562 0.975000 0.003125 0.003125
0 0.531250 0.975000 0.003125 0.003125
0 0.775781 0.978906 0.017188 0.014063
0 0.418750 0.975000 0.003125 0.009375
0 0.425000 0.971094 0.003125 0.004687
0 0.809375 0.969531 0.003125 0.004687
0 0.746875 0.973437 0.012500 0.012500
0 0.739844 0.968750 0.004687 0.003125
0 0.549219 0.969531 0.004687 0.004687
0 0.346094 0.982031 0.051562 0.035937
0 0.557813 0.966406 0.009375 0.007812
0 0.525781 0.967187 0.004687 0.009375
0 0.484375 0.967969 0.006250 0.010937
0 0.454688 0.969531 0.009375 0.014063
0 0.745313 0.960938 0.003125 0.003125
0 0.445312 0.959375 0.003125 0.003125
0 0.845313 0.958594 0.003125 0.004687
0 0.530469 0.958594 0.004687 0.004687
0 0.489844 0.958594 0.004687 0.004687
0 0.481250 0.957812 0.003125 0.003125
0 0.457813 0.958594 0.006250 0.004687
0 0.434375 0.963281 0.015625 0.014063
0 0.806250 0.956250 0.003125 0.003125
0 0.517969 0.959375 0.007812 0.009375
0 0.468750 0.957812 0.003125 0.006250
0 0.571875 0.956250 0.006250 0.006250
0 0.348438 0.954688 0.003125 0.003125
0 0.341406 0.955469 0.007812 0.004687
0 0.821875 0.953906 0.003125 0.004687
0 0.754687 0.960156 0.012500 0.017188
0 0.563281 0.959375 0.007812 0.015625
0 0.492188 0.952344 0.009375 0.004687
0 0.546094 0.956250 0.026562 0.015625
0 0.510938 0.955469 0.009375 0.014063
0 0.470313 0.950781 0.006250 0.004687
0 0.438281 0.951562 0.004687 0.006250
0 0.444531 0.950000 0.004687 0.006250
0 0.340625 0.947656 0.006250 0.004687
0 0.753906 0.947656 0.007812 0.007812
0 0.542969 0.946875 0.014063 0.009375
0 0.520312 0.946094 0.003125 0.007812
0 0.515625 0.944531 0.003125 0.004687
0 0.812500 0.942187 0.006250 0.006250
0 0.467969 0.944531 0.010937 0.010937
0 0.510156 0.941406 0.004687 0.007812
0 0.443750 0.937500 0.003125 0.003125
0 0.804688 0.935937 0.003125 0.003125
0 0.475000 0.935937 0.003125 0.003125
0 0.467187 0.935937 0.006250 0.003125
0 0.460938 0.935937 0.003125 0.003125
0 0.559375 0.940625 0.021875 0.015625
0 0.450781 0.935937 0.004687 0.009375
0 0.546094 0.931250 0.007812 0.003125
0 0.489844 0.931250 0.004687 0.003125
0 0.470313 0.931250 0.003125 0.003125
0 0.353125 0.940625 0.015625 0.021875
0 0.275781 0.932031 0.004687 0.004687
0 0.441406 0.932813 0.010937 0.009375
0 0.748437 0.926562 0.003125 0.003125
0 0.466406 0.928125 0.007812 0.006250
0 0.453125 0.927344 0.003125 0.004687
0 0.290625 0.926562 0.003125 0.003125
0 0.573438 0.925000 0.003125 0.003125
0 0.535937 0.925000 0.003125 0.003125
0 0.476562 0.925781 0.003125 0.004687
0 0.617188 0.923438 0.003125 0.003125
0 0.610938 0.921875 0.003125 0.003125
0 0.560156 0.925781 0.010937 0.010937
0 0.541406 0.924219 0.004687 0.007812
0 0.471094 0.921875 0.004687 0.003125
0 0.625000 0.917188 0.003125 0.003125
0 0.001563 0.919531 0.003125 0.007812
0 0.604688 0.917188 0.009375 0.006250
0 0.596875 0.915625 0.006250 0.003125
0 0.356250 0.915625 0.006250 0.003125
0 0.618750 0.916406 0.006250 0.007812
0 0.440625 0.914062 0.003125 0.003125
0 0.482031 0.913281 0.004687 0.004687
0 0.585938 0.910156 0.003125 0.004687
0 0.357031 0.910156 0.004687 0.004687
0 0.618750 0.906250 0.003125 0.003125
0 0.539844 0.907031 0.004687 0.004687
0 0.628125 0.905469 0.006250 0.004687
0 0.610938 0.907031 0.003125 0.007812
0 0.601562 0.907813 0.006250 0.009375
0 0.360938 0.905469 0.006250 0.004687
0 0.001563 0.907031 0.003125 0.007812
0 0.795312 0.903125 0.006250 0.006250
0 0.763281 0.922656 0.020313 0.045312
0 0.353125 0.903125 0.006250 0.006250
0 0.792188 0.896875 0.003125 0.006250
0 0.787500 0.894531 0.003125 0.004687
0 0.299219 0.897656 0.004687 0.010937
0 0.778125 0.910937 0.021875 0.040625
0 0.586719 0.892969 0.007812 0.004687
0 0.782813 0.890625 0.003125 0.003125
0 0.617188 0.896094 0.009375 0.014063
0 0.611719 0.889844 0.010937 0.014063
0 0.456250 0.885156 0.003125 0.004687
0 0.320312 0.884375 0.003125 0.003125
0 0.808594 0.885156 0.007812 0.007812
0 0.796094 0.885156 0.014063 0.010937
0 0.597656 0.886719 0.004687 0.014063
0 0.768750 0.879687 0.003125 0.003125
0 0.588281 0.882812 0.004687 0.009375
0 0.726562 0.875000 0.003125 0.003125
0 0.617969 0.875781 0.004687 0.004687
0 0.609375 0.877344 0.006250 0.007812
0 0.383594 0.875000 0.004687 0.003125
0 0.480469 0.877344 0.014063 0.010937
0 0.465625 0.874219 0.003125 0.004687
0 0.784375 0.878906 0.012500 0.017188
0 0.718750 0.873437 0.003125 0.006250
0 0.582031 0.874219 0.004687 0.010937
0 0.492969 0.876563 0.007812 0.015625
0 0.498437 0.871875 0.003125 0.009375
0 0.467969 0.872656 0.010937 0.010937
0 0.512500 0.866406 0.003125 0.004687
0 0.723437 0.864844 0.006250 0.004687
0 0.594531 0.862500 0.004687 0.003125
0 0.505469 0.865625 0.007812 0.012500
0 0.802344 0.867188 0.017188 0.018750
0 0.620313 0.859375 0.003125 0.003125
0 0.589844 0.859375 0.004687 0.003125
0 0.385937 0.857812 0.006250 0.003125
0 0.795312 0.856250 0.003125 0.003125
0 0.539062 0.856250 0.003125 0.003125
0 0.472656 0.856250 0.004687 0.003125
0 0.798438 0.856250 0.003125 0.009375
0 0.609375 0.853906 0.003125 0.004687
0 0.599219 0.854688 0.004687 0.006250
0 0.370312 0.853125 0.003125 0.003125
0 0.806250 0.853125 0.006250 0.006250
0 0.617969 0.853125 0.004687 0.006250
0 0.351562 0.853125 0.003125 0.006250
0 0.301563 0.853125 0.003125 0.006250
0 0.730469 0.853906 0.004687 0.010937
0 0.514062 0.850781 0.003125 0.004687
0 0.795312 0.848437 0.003125 0.003125
0 0.383594 0.849219 0.004687 0.004687
0 0.732812 0.845313 0.009375 0.006250
0 0.549219 0.843750 0.004687 0.003125
0 0.482031 0.843750 0.004687 0.003125
0 0.325000 0.846875 0.006250 0.009375
0 0.808594 0.844531 0.004687 0.007812
0 0.796875 0.842187 0.003125 0.003125
0 0.601562 0.842187 0.003125 0.003125
0 0.380469 0.841406 0.014063 0.007812
0 0.336719 0.839063 0.004687 0.003125
0 0.814063 0.837500 0.003125 0.003125
0 0.715625 0.837500 0.003125 0.003125
0 0.449219 0.837500 0.007812 0.006250
0 0.372656 0.836719 0.004687 0.004687
0 0.632031 0.838281 0.010937 0.010937
0 0.736719 0.834375 0.004687 0.006250
0 0.326562 0.832812 0.006250 0.003125
0 0.732812 0.837500 0.009375 0.015625
0 0.471094 0.839063 0.017188 0.021875
0 0.383594 0.830469 0.007812 0.007812
0 0.739062 0.825781 0.003125 0.004687
0 0.396094 0.828125 0.014063 0.012500
0 0.814063 0.821875 0.003125 0.003125
0 0.403906 0.824219 0.004687 0.007812
0 0.362500 0.821875 0.003125 0.003125
0 0.334375 0.828125 0.012500 0.015625
0 0.539062 0.818750 0.003125 0.003125
0 0.491406 0.818750 0.004687 0.003125
0 0.740625 0.817187 0.003125 0.003125
0 0.732031 0.817969 0.004687 0.004687
0 0.469531 0.818750 0.004687 0.006250
0 0.478906 0.817969 0.004687 0.007812
0 0.207813 0.817187 0.006250 0.006250
0 0.371094 0.817969 0.004687 0.010937
0 0.724219 0.814063 0.007812 0.006250
0 0.451562 0.812500 0.003125 0.003125
0 0.396094 0.814844 0.007812 0.007812
0 0.549219 0.811719 0.004687 0.004687
0 0.486719 0.810937 0.007812 0.006250
0 0.543750 0.810156 0.006250 0.007812
0 0.534375 0.807813 0.003125 0.003125
0 0.725781 0.807031 0.004687 0.004687
0 0.382031 0.814063 0.020313 0.021875
0 0.546094 0.801562 0.007812 0.006250
0 0.441406 0.899219 0.173437 0.201563
0 0.396875 0.800000 0.003125 0.003125
0 0.225781 0.802344 0.004687 0.007812
0 0.346875 0.799219 0.012500 0.004687
0 0.500781 0.805469 0.017188 0.023438
0 0.456250 0.795312 0.003125 0.003125
0 0.734375 0.804688 0.015625 0.025000
0 0.439063 0.794531 0.003125 0.004687
0 0.085938 0.793750 0.003125 0.003125
0 0.446094 0.792969 0.007812 0.004687
0 0.171875 0.792188 0.006250 0.003125
0 0.723437 0.790625 0.003125 0.003125
0 0.420312 0.792188 0.006250 0.006250
0 0.412500 0.791406 0.003125 0.004687
0 0.231250 0.789062 0.003125 0.003125
0 0.468750 0.787500 0.006250 0.003125
0 0.743750 0.787500 0.003125 0.006250
0 0.735938 0.785156 0.003125 0.004687
0 0.555469 0.785156 0.004687 0.004687
0 0.428125 0.786719 0.009375 0.007812
0 0.087500 0.784375 0.003125 0.003125
0 0.461719 0.784375 0.004687 0.006250
0 0.189062 0.782813 0.003125 0.003125
0 0.201563 0.782813 0.006250 0.006250
0 0.128125 0.782813 0.006250 0.006250
0 0.099219 0.782031 0.004687 0.004687
0 0.478125 0.781250 0.009375 0.006250
0 0.467187 0.779687 0.009375 0.006250
0 0.193750 0.776563 0.003125 0.003125
0 0.776563 0.771875 0.003125 0.003125
0 0.103125 0.772656 0.003125 0.004687
0 0.732031 0.771875 0.004687 0.006250
0 0.401562 0.768750 0.003125 0.003125
0 0.368750 0.768750 0.006250 0.003125
0 0.180469 0.775000 0.010937 0.015625
0 0.149219 0.772656 0.004687 0.014063
0 0.131250 0.771094 0.015625 0.010937
0 0.363281 0.765625 0.004687 0.003125
0 0.756250 0.787500 0.031250 0.050000
0 0.723437 0.766406 0.003125 0.007812
0 0.235156 0.764844 0.004687 0.004687
0 0.476562 0.762500 0.003125 0.003125
0 0.440625 0.773438 0.018750 0.025000
0 0.125000 0.763281 0.003125 0.004687
0 0.461719 0.762500 0.004687 0.006250
0 0.190625 0.761719 0.003125 0.004687
0 0.771875 0.760156 0.003125 0.004687
0 0.735938 0.759375 0.003125 0.003125
0 0.182812 0.761719 0.006250 0.007812
0 0.776563 0.757812 0.003125 0.003125
0 0.745313 0.757812 0.003125 0.003125
0 0.557813 0.767969 0.015625 0.023438
0 0.343750 0.758594 0.003125 0.004687
0 0.549219 0.757031 0.004687 0.004687
0 0.061719 0.757031 0.004687 0.004687
0 0.467969 0.756250 0.004687 0.006250
0 0.457031 0.755469 0.004687 0.004687
0 0.128906 0.755469 0.004687 0.004687
0 0.743750 0.753125 0.003125 0.003125
0 0.760938 0.756250 0.015625 0.012500
0 0.731250 0.753906 0.003125 0.007812
0 0.540625 0.752344 0.003125 0.004687
0 0.455469 0.750000 0.007812 0.003125
0 0.375000 0.750000 0.003125 0.003125
0 0.241406 0.752344 0.004687 0.007812
0 0.914062 0.748437 0.003125 0.003125
0 0.194531 0.750000 0.007812 0.006250
0 0.096875 0.749219 0.006250 0.007812
0 0.778125 0.748437 0.006250 0.009375
0 0.386719 0.774219 0.039062 0.060937
0 0.765625 0.747656 0.015625 0.010937
0 0.732812 0.745313 0.009375 0.006250
0 0.576562 0.747656 0.012500 0.014063
0 0.462500 0.742969 0.003125 0.004687
0 0.360156 0.743750 0.007812 0.006250
0 0.473438 0.743750 0.006250 0.009375
0 0.578906 0.739062 0.007812 0.009375
0 0.569531 0.735938 0.004687 0.003125
0 0.470313 0.735938 0.003125 0.003125
0 0.401562 0.735938 0.003125 0.003125
0 0.723437 0.735156 0.003125 0.004687
0 0.552344 0.734375 0.004687 0.003125
0 0.546875 0.735156 0.003125 0.004687
0 0.182812 0.742188 0.012500 0.018750
0 0.776563 0.732812 0.003125 0.003125
0 0.389844 0.734375 0.004687 0.006250
0 0.675000 0.732031 0.003125 0.004687
0 0.475781 0.733594 0.007812 0.007812
0 0.240625 0.731250 0.003125 0.003125
0 0.187500 0.731250 0.003125 0.003125
0 0.757031 0.728125 0.004687 0.003125
0 0.529687 0.728906 0.003125 0.004687
0 0.782031 0.727344 0.004687 0.004687
0 0.807031 0.725000 0.004687 0.003125
0 0.801562 0.725000 0.003125 0.003125
0 0.407031 0.725781 0.004687 0.004687
0 0.394531 0.726562 0.004687 0.006250
0 0.156250 0.726562 0.003125 0.006250
0 0.069531 0.726562 0.007812 0.006250
0 0.059375 0.725781 0.003125 0.004687
0 0.726562 0.723437 0.003125 0.003125
0 0.231250 0.723437 0.006250 0.003125
0 0.681250 0.721875 0.003125 0.003125
0 0.736719 0.731250 0.017188 0.025000
0 0.714063 0.721094 0.006250 0.007812
0 0.748437 0.720313 0.006250 0.009375
0 0.721094 0.717187 0.004687 0.003125
0 0.456250 0.721094 0.009375 0.010937
0 0.160938 0.717969 0.003125 0.004687
0 0.392188 0.715625 0.003125 0.003125
0 0.385156 0.715625 0.004687 0.003125
0 0.137500 0.717187 0.003125 0.006250
0 0.760156 0.717187 0.007812 0.009375
0 0.717187 0.714063 0.003125 0.003125
0 0.811719 0.712500 0.004687 0.003125
0 0.731250 0.712500 0.006250 0.003125
0 0.500000 0.709375 0.003125 0.003125
0 0.475781 0.717187 0.007812 0.018750
0 0.396875 0.708594 0.003125 0.004687
0 0.758594 0.707812 0.004687 0.006250
0 0.577344 0.710156 0.007812 0.010937
0 0.249219 0.707031 0.007812 0.004687
0 0.237500 0.706250 0.003125 0.003125
0 0.689063 0.704688 0.003125 0.003125
0 0.057813 0.707812 0.006250 0.009375
0 0.378125 0.700000 0.009375 0.006250
0 0.151562 0.698438 0.003125 0.003125
0 0.740625 0.697656 0.003125 0.004687
0 0.689063 0.696875 0.006250 0.006250
0 0.455469 0.702344 0.014063 0.020313
0 0.387500 0.695312 0.006250 0.006250
0 0.046094 0.694531 0.004687 0.004687
0 0.796094 0.692187 0.004687 0.003125
0 0.423438 0.690625 0.003125 0.003125
0 0.056250 0.690625 0.003125 0.003125
0 0.040625 0.692187 0.003125 0.006250
0 0.573438 0.695312 0.012500 0.015625
0 0.095312 0.689844 0.003125 0.004687
0 0.078125 0.694531 0.009375 0.014063
0 0.502344 0.683594 0.004687 0.004687
0 0.051562 0.682813 0.003125 0.003125
0 0.592969 0.684375 0.014063 0.009375
0 0.371094 0.682813 0.007812 0.009375
0 0.718750 0.678125 0.003125 0.003125
0 0.693750 0.678906 0.003125 0.004687
0 0.601562 0.678906 0.003125 0.004687
0 0.577344 0.679688 0.004687 0.006250
0 0.146875 0.678125 0.003125 0.003125
0 0.259375 0.678906 0.006250 0.007812
0 0.051562 0.676562 0.003125 0.003125
0 0.526563 0.675000 0.003125 0.003125
0 0.373437 0.674219 0.003125 0.004687
0 0.042188 0.672656 0.006250 0.004687
0 0.535937 0.670312 0.003125 0.003125
0 0.592969 0.668750 0.004687 0.003125
0 0.227344 0.668750 0.004687 0.003125
0 0.190625 0.667188 0.003125 0.003125
0 0.256250 0.665625 0.003125 0.003125
0 0.500781 0.664844 0.004687 0.004687
0 0.228125 0.664062 0.003125 0.003125
0 0.051562 0.664062 0.003125 0.006250
0 0.770312 0.659375 0.003125 0.003125
0 0.510156 0.661719 0.007812 0.007812
0 0.260937 0.657813 0.003125 0.003125
0 0.272656 0.657813 0.004687 0.006250
0 0.043750 0.654687 0.003125 0.003125
0 0.300000 0.653125 0.006250 0.006250
0 0.597656 0.650000 0.007812 0.003125
0 0.207813 0.651563 0.009375 0.006250
0 0.501563 0.649219 0.009375 0.004687
0 0.472656 0.647656 0.007812 0.004687
0 0.462500 0.647656 0.003125 0.004687
0 0.482812 0.684375 0.046875 0.081250
0 0.751563 0.643750 0.003125 0.003125
0 0.475000 0.643750 0.003125 0.003125
0 0.287500 0.644531 0.006250 0.004687
0 0.493750 0.642188 0.003125 0.003125
0 0.757031 0.641406 0.004687 0.004687
0 0.482812 0.640625 0.003125 0.003125
0 0.282813 0.640625 0.003125 0.003125
0 0.492188 0.639062 0.012500 0.006250
0 0.278906 0.637500 0.004687 0.003125
0 0.514062 0.634375 0.006250 0.003125
0 0.486719 0.635156 0.004687 0.004687
0 0.190625 0.635156 0.003125 0.004687
0 0.067969 0.635156 0.004687 0.004687
0 0.058594 0.633594 0.007812 0.004687
0 0.425781 0.634375 0.004687 0.009375
0 0.471875 0.628906 0.003125 0.004687
0 0.434375 0.629687 0.006250 0.006250
0 0.275000 0.628906 0.003125 0.004687
0 0.264062 0.628906 0.003125 0.004687
0 0.068750 0.628906 0.003125 0.004687
0 0.440625 0.625781 0.003125 0.004687
0 0.072656 0.625781 0.004687 0.004687
0 0.869531 0.624219 0.004687 0.004687
0 0.498437 0.623437 0.006250 0.003125
0 0.218750 0.623437 0.003125 0.003125
0 0.214062 0.622656 0.003125 0.004687
0 0.057031 0.625000 0.004687 0.009375
0 0.039062 0.620313 0.006250 0.003125
0 0.427344 0.619531 0.004687 0.004687
0 0.571875 0.617188 0.006250 0.006250
0 0.537500 0.615625 0.003125 0.003125
0 0.435937 0.617969 0.006250 0.007812
0 0.212500 0.615625 0.003125 0.003125
0 0.075781 0.617188 0.004687 0.006250
0 0.060937 0.617188 0.006250 0.006250
0 0.604688 0.614062 0.003125 0.003125
0 0.419531 0.614844 0.004687 0.004687
0 0.228125 0.614062 0.003125 0.003125
0 0.458594 0.612500 0.004687 0.003125
0 0.448437 0.618750 0.009375 0.015625
0 0.058594 0.612500 0.004687 0.003125
0 0.281250 0.610938 0.003125 0.003125
0 0.269531 0.617969 0.014063 0.017188
0 0.264062 0.610938 0.003125 0.003125
0 0.529687 0.610156 0.003125 0.004687
0 0.453906 0.609375 0.004687 0.003125
0 0.432812 0.607812 0.003125 0.003125
0 0.554688 0.607031 0.006250 0.004687
0 0.540625 0.607812 0.003125 0.006250
0 0.457813 0.607031 0.003125 0.004687
0 0.639062 0.607812 0.009375 0.009375
0 0.635938 0.603906 0.003125 0.004687
0 0.448437 0.603125 0.003125 0.003125
0 0.218750 0.604688 0.003125 0.006250
0 0.200000 0.603125 0.003125 0.003125
0 0.367188 0.603125 0.003125 0.006250
0 0.431250 0.600781 0.003125 0.004687
0 0.424219 0.603125 0.004687 0.009375
0 0.540625 0.698438 0.131250 0.203125
0 0.458594 0.596094 0.007812 0.004687
0 0.362500 0.595313 0.003125 0.003125
0 0.357812 0.595313 0.003125 0.003125
0 0.635938 0.593750 0.006250 0.006250
0 0.471875 0.592187 0.003125 0.003125
0 0.418750 0.596094 0.006250 0.010937
0 0.453906 0.591406 0.004687 0.004687
0 0.055469 0.591406 0.004687 0.004687
0 0.366406 0.589844 0.004687 0.004687
0 0.232813 0.590625 0.006250 0.006250
0 0.340625 0.589063 0.003125 0.006250
0 0.457031 0.585938 0.004687 0.003125
0 0.440625 0.596875 0.015625 0.025000
0 0.378906 0.589063 0.004687 0.009375
0 0.057031 0.585938 0.004687 0.006250
0 0.425781 0.582031 0.004687 0.004687
0 0.073438 0.581250 0.003125 0.003125
0 0.647656 0.585938 0.014063 0.015625
0 0.459375 0.579688 0.003125 0.003125
0 0.439063 0.582031 0.006250 0.007812
0 0.278906 0.593750 0.020313 0.034375
0 0.443750 0.578125 0.003125 0.006250
0 0.267188 0.576562 0.003125 0.003125
0 0.508594 0.575000 0.004687 0.006250
0 0.660156 0.571875 0.004687 0.003125
0 0.620313 0.574219 0.006250 0.007812
0 0.452344 0.573438 0.004687 0.009375
0 0.063281 0.571094 0.004687 0.004687
0 0.054688 0.571094 0.006250 0.004687
0 0.646875 0.568750 0.003125 0.003125
0 0.379688 0.569531 0.003125 0.004687
0 0.653906 0.568750 0.007812 0.006250
0 0.384375 0.567187 0.003125 0.003125
0 0.374219 0.570312 0.004687 0.009375
0 0.519531 0.566406 0.007812 0.004687
0 0.284375 0.565625 0.003125 0.003125
0 0.448437 0.564063 0.003125 0.003125
0 0.438281 0.566406 0.004687 0.007812
0 0.421094 0.564844 0.004687 0.004687
0 0.635938 0.564063 0.003125 0.006250
0 0.589063 0.563281 0.003125 0.004687
0 0.148438 0.561719 0.003125 0.004687
0 0.060937 0.560937 0.003125 0.003125
0 0.456250 0.562500 0.006250 0.009375
0 0.421875 0.559375 0.003125 0.003125
0 0.639844 0.555469 0.004687 0.004687
0 0.430469 0.555469 0.004687 0.004687
0 0.660937 0.553125 0.006250 0.006250
0 0.400000 0.551562 0.003125 0.003125
0 0.389844 0.555469 0.010937 0.010937
0 0.381250 0.551562 0.003125 0.003125
0 0.242188 0.552344 0.003125 0.004687
0 0.065625 0.557031 0.006250 0.014063
0 0.423438 0.548438 0.003125 0.003125
0 0.447656 0.551562 0.017188 0.015625
0 0.430469 0.547656 0.007812 0.007812
0 0.502344 0.546875 0.007812 0.012500
0 0.453125 0.543750 0.003125 0.006250
0 0.325000 0.546094 0.015625 0.010937
0 0.493750 0.540625 0.003125 0.003125
0 0.415625 0.541406 0.003125 0.004687
0 0.293750 0.546875 0.015625 0.015625
0 0.072656 0.542188 0.004687 0.006250
0 0.051562 0.546875 0.015625 0.015625
0 0.485938 0.539062 0.003125 0.003125
0 0.439844 0.539844 0.004687 0.007812
0 0.307031 0.547656 0.020313 0.023438
0 0.304688 0.541406 0.006250 0.010937
0 0.606250 0.535937 0.003125 0.003125
0 0.475781 0.537500 0.004687 0.006250
0 0.061719 0.538281 0.004687 0.007812
0 0.039062 0.535937 0.003125 0.003125
0 0.049219 0.536719 0.004687 0.007812
0 0.581250 0.533594 0.003125 0.004687
0 0.144531 0.532813 0.004687 0.003125
0 0.450781 0.533594 0.017188 0.007812
0 0.154688 0.531250 0.003125 0.003125
0 0.678906 0.531250 0.004687 0.006250
0 0.428125 0.536719 0.018750 0.017188
0 0.306250 0.529687 0.003125 0.003125
0 0.584375 0.528906 0.003125 0.004687
0 0.483594 0.529687 0.007812 0.006250
0 0.465625 0.532813 0.006250 0.012500
0 0.334375 0.528125 0.003125 0.003125
0 0.060937 0.528125 0.003125 0.003125
0 0.448437 0.528125 0.009375 0.006250
0 0.264062 0.526563 0.006250 0.003125
0 0.198437 0.535937 0.015625 0.021875
0 0.286719 0.525781 0.004687 0.004687
0 0.440625 0.524219 0.003125 0.004687
0 0.396875 0.524219 0.006250 0.007812
0 0.343750 0.523438 0.009375 0.006250
0 0.263281 0.521094 0.004687 0.004687
0 0.480469 0.520312 0.004687 0.006250
0 0.101562 0.517188 0.003125 0.003125
0 0.157812 0.514062 0.003125 0.003125
0 0.052344 0.521094 0.010937 0.017188
0 0.321875 0.514062 0.006250 0.006250
0 0.284375 0.510938 0.006250 0.009375
0 0.068750 0.506250 0.003125 0.003125
0 0.455469 0.503125 0.004687 0.006250
0 0.354687 0.500000 0.006250 0.003125
0 0.318750 0.502344 0.003125 0.007812
0 0.076563 0.500000 0.003125 0.003125
0 0.348438 0.497656 0.003125 0.004687
0 0.517188 0.495312 0.003125 0.003125
0 0.101562 0.495312 0.003125 0.003125
0 0.461719 0.495312 0.007812 0.006250
0 0.147656 0.495312 0.004687 0.006250
0 0.160938 0.492188 0.003125 0.003125
0 0.512500 0.490625 0.003125 0.003125
0 0.245312 0.494531 0.009375 0.010937
0 0.811719 0.492188 0.007812 0.009375
0 0.354687 0.488281 0.003125 0.004687
0 0.683594 0.487500 0.004687 0.009375
0 0.364063 0.485156 0.003125 0.004687
0 0.515625 0.482812 0.006250 0.003125
0 0.462500 0.485938 0.009375 0.009375
0 0.506250 0.482031 0.006250 0.004687
0 0.489063 0.510156 0.071875 0.060937
0 0.471875 0.482812 0.009375 0.006250
0 0.440625 0.481250 0.003125 0.003125
0 0.487500 0.481250 0.006250 0.006250
0 0.404687 0.480469 0.003125 0.004687
0 0.323437 0.489063 0.021875 0.021875
0 0.417969 0.480469 0.004687 0.007812
0 0.539062 0.476562 0.003125 0.003125
0 0.524219 0.479687 0.007812 0.009375
0 0.507812 0.475000 0.003125 0.003125
0 0.307812 0.475000 0.003125 0.003125
0 0.303125 0.476562 0.003125 0.006250
0 0.161719 0.478125 0.007812 0.012500
0 0.404687 0.473438 0.009375 0.006250
0 0.414062 0.470313 0.003125 0.003125
0 0.530469 0.471094 0.004687 0.007812
0 0.360938 0.471094 0.003125 0.007812
0 0.164844 0.468750 0.004687 0.006250
0 0.721094 0.465625 0.004687 0.003125
0 0.485938 0.466406 0.003125 0.004687
0 0.053906 0.465625 0.004687 0.003125
0 0.513281 0.468750 0.004687 0.012500
0 0.494531 0.464844 0.004687 0.004687
0 0.443750 0.464062 0.006250 0.003125
0 0.407813 0.462500 0.003125 0.003125
0 0.376563 0.463281 0.006250 0.004687
0 0.322656 0.463281 0.004687 0.004687
0 0.160156 0.460938 0.004687 0.003125
0 0.067187 0.460156 0.003125 0.004687
0 0.732812 0.458594 0.003125 0.004687
0 0.708594 0.459375 0.004687 0.006250
0 0.523438 0.460938 0.009375 0.009375
0 0.047656 0.460156 0.004687 0.007812
0 0.478125 0.457813 0.006250 0.006250
0 0.232813 0.456250 0.003125 0.003125
0 0.450781 0.453125 0.004687 0.003125
0 0.407031 0.454688 0.004687 0.006250
0 0.050000 0.453125 0.006250 0.003125
0 0.557813 0.452344 0.003125 0.004687
0 0.468750 0.452344 0.003125 0.004687
0 0.339062 0.453125 0.003125 0.006250
0 0.201563 0.456250 0.006250 0.012500
0 0.039844 0.454688 0.007812 0.009375
0 0.513281 0.453125 0.010937 0.009375
0 0.540625 0.460156 0.021875 0.026562
0 0.033594 0.448437 0.007812 0.003125
0 0.556250 0.446875 0.003125 0.003125
0 0.050781 0.445312 0.004687 0.003125
0 0.473438 0.444531 0.003125 0.004687
0 0.329688 0.444531 0.003125 0.004687
0 0.266406 0.492969 0.067187 0.101562
0 0.514844 0.442188 0.004687 0.003125
0 0.064062 0.442188 0.003125 0.003125
0 0.746094 0.443750 0.007812 0.009375
0 0.344531 0.463281 0.020313 0.048438
0 0.228125 0.440625 0.003125 0.003125
0 0.440625 0.445312 0.006250 0.015625
0 0.032031 0.441406 0.010937 0.007812
0 0.721875 0.437500 0.003125 0.003125
0 0.482812 0.441406 0.009375 0.010937
0 0.337500 0.437500 0.003125 0.003125
0 0.094531 0.435937 0.004687 0.003125
0 0.474219 0.435937 0.004687 0.006250
0 0.443750 0.435156 0.003125 0.004687
0 0.514062 0.432812 0.003125 0.003125
0 0.482812 0.432812 0.003125 0.003125
0 0.548438 0.430469 0.003125 0.004687
0 0.500781 0.431250 0.010937 0.006250
0 0.417969 0.451562 0.023438 0.046875
0 0.042188 0.429688 0.003125 0.003125
0 0.700000 0.429688 0.006250 0.006250
0 0.588281 0.428906 0.004687 0.004687
0 0.449219 0.429688 0.007812 0.006250
0 0.267188 0.428125 0.003125 0.003125
0 0.541406 0.433594 0.014063 0.017188
0 0.476562 0.426563 0.006250 0.003125
0 0.293750 0.426563 0.003125 0.003125
0 0.464062 0.425000 0.003125 0.003125
0 0.435156 0.438281 0.010937 0.029687
0 0.328125 0.425000 0.003125 0.003125
0 0.262500 0.425000 0.003125 0.003125
0 0.075000 0.425000 0.003125 0.003125
0 0.729688 0.423438 0.003125 0.003125
0 0.521875 0.424219 0.003125 0.004687
0 0.430469 0.423438 0.007812 0.003125
0 0.038281 0.423438 0.004687 0.003125
0 0.493750 0.421875 0.003125 0.003125
0 0.481250 0.421875 0.003125 0.003125
0 0.281250 0.422656 0.012500 0.007812
0 0.531250 0.418750 0.006250 0.003125
0 0.784375 0.421875 0.006250 0.012500
0 0.023438 0.418750 0.009375 0.006250
0 0.492969 0.415625 0.004687 0.003125
0 0.298438 0.415625 0.003125 0.003125
0 0.060937 0.414062 0.003125 0.003125
0 0.700781 0.414062 0.007812 0.006250
0 0.583594 0.414062 0.007812 0.006250
0 0.450781 0.413281 0.004687 0.004687
0 0.278125 0.414062 0.012500 0.006250
0 0.073438 0.413281 0.003125 0.004687
0 0.496875 0.409375 0.003125 0.003125
0 0.510938 0.408594 0.006250 0.004687
0 0.073438 0.407813 0.003125 0.003125
0 0.047656 0.407813 0.004687 0.003125
0 0.710156 0.408594 0.010937 0.007812
0 0.287500 0.407031 0.006250 0.004687
0 0.033594 0.406250 0.004687 0.003125
0 0.582812 0.404687 0.003125 0.003125
0 0.031250 0.403125 0.003125 0.003125
0 0.504687 0.403125 0.003125 0.006250
0 0.697656 0.400000 0.004687 0.003125
0 0.678125 0.400000 0.003125 0.003125
0 0.495312 0.401562 0.006250 0.006250
0 0.491406 0.400000 0.004687 0.003125
0 0.350781 0.403125 0.010937 0.009375
0 0.299219 0.400000 0.004687 0.003125
0 0.276562 0.403906 0.009375 0.010937
0 0.502344 0.399219 0.004687 0.004687
0 0.026562 0.397656 0.003125 0.004687
0 0.707812 0.395313 0.003125 0.003125
0 0.514844 0.398438 0.017188 0.012500
0 0.501563 0.394531 0.003125 0.004687
0 0.700781 0.393750 0.007812 0.006250
0 0.651563 0.392188 0.006250 0.003125
0 0.532813 0.392188 0.003125 0.003125
0 0.481250 0.392188 0.003125 0.003125
0 0.355469 0.392188 0.004687 0.003125
0 0.030469 0.392188 0.004687 0.003125
0 0.021875 0.392969 0.003125 0.004687
0 0.495312 0.392188 0.003125 0.006250
0 0.657813 0.389062 0.003125 0.003125
0 0.664844 0.387500 0.004687 0.009375
0 0.510156 0.385937 0.004687 0.006250
0 0.645312 0.381250 0.003125 0.003125
0 0.039062 0.381250 0.003125 0.003125
0 0.711719 0.379688 0.004687 0.003125
0 0.702344 0.381250 0.010937 0.006250
0 0.489844 0.380469 0.004687 0.004687
0 0.502344 0.382812 0.010937 0.012500
0 0.559375 0.377344 0.003125 0.004687
0 0.467187 0.376563 0.003125 0.003125
0 0.711719 0.375000 0.004687 0.003125
0 0.685937 0.375000 0.003125 0.003125
0 0.235937 0.375781 0.003125 0.004687
0 0.667969 0.375000 0.004687 0.006250
0 0.681250 0.371875 0.003125 0.003125
0 0.470313 0.385937 0.025000 0.031250
0 0.708594 0.370312 0.007812 0.003125
0 0.699219 0.369531 0.004687 0.004687
0 0.487500 0.369531 0.003125 0.004687
0 0.673438 0.367969 0.003125 0.004687
0 0.664062 0.366406 0.003125 0.004687
0 0.024219 0.365625 0.004687 0.003125
0 0.537500 0.364844 0.003125 0.004687
0 0.239063 0.681250 0.478125 0.637500
0 0.542188 0.362500 0.003125 0.003125
0 0.528125 0.364063 0.003125 0.006250
0 0.674219 0.361719 0.004687 0.004687
0 0.532813 0.362500 0.006250 0.006250
0 0.496875 0.365625 0.015625 0.012500
0 0.488281 0.361719 0.004687 0.004687
0 0.538281 0.359375 0.004687 0.003125
0 0.014063 0.357031 0.003125 0.007812
0 0.553125 0.353125 0.003125 0.003125
0 0.497656 0.355469 0.007812 0.007812
0 0.488281 0.353125 0.007812 0.006250
0 0.260937 0.351562 0.003125 0.003125
0 0.039062 0.352344 0.003125 0.004687
0 0.525781 0.350000 0.004687 0.003125
0 0.718750 0.346875 0.003125 0.003125
0 0.480469 0.347656 0.004687 0.004687
0 0.538281 0.350000 0.017188 0.015625
0 0.475000 0.357812 0.018750 0.031250
0 0.562500 0.342187 0.003125 0.003125
0 0.556250 0.344531 0.003125 0.007812
0 0.243750 0.343750 0.003125 0.006250
0 0.228906 0.343750 0.004687 0.006250
0 0.018750 0.346094 0.009375 0.010937
0 0.478906 0.341406 0.004687 0.004687
0 0.518750 0.339844 0.003125 0.004687
0 0.472656 0.339062 0.004687 0.003125
0 0.559375 0.339062 0.003125 0.006250
0 0.537500 0.339844 0.015625 0.014063
0 0.478906 0.335156 0.004687 0.004687
0 0.265625 0.334375 0.003125 0.003125
0 0.238281 0.339062 0.007812 0.012500
0 0.456250 0.331250 0.003125 0.003125
0 0.260937 0.329688 0.003125 0.003125
0 0.235156 0.328125 0.007812 0.003125
0 0.594531 0.329688 0.004687 0.009375
0 0.478125 0.328125 0.003125 0.006250
0 0.242969 0.328125 0.004687 0.006250
0 0.228125 0.326562 0.003125 0.003125
0 0.502344 0.325781 0.004687 0.004687
0 0.492969 0.325000 0.004687 0.003125
0 0.008594 0.342969 0.017188 0.042188
0 0.482812 0.321875 0.003125 0.003125
0 0.018750 0.322656 0.006250 0.007812
0 0.468750 0.318750 0.003125 0.003125
0 0.029687 0.335156 0.018750 0.035937
0 0.526563 0.320312 0.006250 0.009375
0 0.246875 0.317969 0.006250 0.004687
0 0.513281 0.356250 0.051562 0.084375
0 0.008594 0.314844 0.004687 0.004687
0 0.505469 0.313281 0.004687 0.004687
0 0.477344 0.317969 0.010937 0.014063
0 0.500000 0.308594 0.003125 0.004687
0 0.464062 0.307812 0.003125 0.003125
0 0.760156 0.305469 0.007812 0.007812
0 0.563281 0.302344 0.007812 0.007812
0 0.153906 0.300000 0.004687 0.006250
0 0.742969 0.297656 0.004687 0.007812
0 0.485938 0.307812 0.021875 0.028125
0 0.548438 0.309375 0.031250 0.046875
0 0.546875 0.285938 0.003125 0.003125
0 0.012500 0.285156 0.003125 0.004687
0 0.569531 0.282813 0.004687 0.003125
0 0.543750 0.282813 0.006250 0.006250
0 0.537500 0.282031 0.003125 0.004687
0 0.556250 0.276562 0.003125 0.003125
0 0.549219 0.278906 0.004687 0.007812
0 0.753125 0.275000 0.003125 0.003125
0 0.550000 0.268750 0.003125 0.003125
0 0.760938 0.265625 0.003125 0.003125
0 0.562500 0.265625 0.003125 0.003125
0 0.807813 0.264844 0.009375 0.004687
0 0.023438 0.260156 0.003125 0.004687
0 0.792969 0.257812 0.004687 0.003125
0 0.815625 0.256250 0.003125 0.003125
0 0.793750 0.252344 0.009375 0.004687
0 0.804688 0.250000 0.003125 0.003125
0 0.025000 0.250000 0.003125 0.003125
0 0.796094 0.230469 0.007812 0.007812
0 0.029687 0.218750 0.003125 0.003125
0 0.051562 0.175000 0.003125 0.003125
0 0.049219 0.137500 0.004687 0.006250
0 0.969531 0.132031 0.004687 0.007812
0 0.057813 0.121875 0.003125 0.003125
0 0.062500 0.121094 0.003125 0.004687
0 0.052344 0.114062 0.007812 0.006250
0 0.064062 0.112500 0.006250 0.006250
0 0.057813 0.109375 0.003125 0.003125
0 0.301563 0.107031 0.003125 0.004687
0 0.129688 0.103125 0.003125 0.003125
0 0.007812 0.103906 0.003125 0.004687
0 0.156250 0.103125 0.006250 0.006250
0 0.136719 0.101562 0.004687 0.006250
0 0.151562 0.100000 0.006250 0.006250
0 0.060156 0.100781 0.004687 0.010937
0 0.054688 0.095312 0.003125 0.003125
0 0.003906 0.098437 0.007812 0.009375
0 0.320312 0.096875 0.003125 0.009375
0 0.131250 0.094531 0.003125 0.004687
0 0.160938 0.087500 0.003125 0.003125
0 0.275000 0.084375 0.003125 0.003125
0 0.128125 0.085156 0.003125 0.004687
0 0.069531 0.085156 0.004687 0.004687
0 0.025000 0.083594 0.003125 0.004687
0 0.017188 0.082812 0.003125 0.003125
0 0.010156 0.081250 0.004687 0.003125
0 0.110937 0.079687 0.003125 0.003125
0 0.077344 0.086719 0.010937 0.017188
0 0.026562 0.078125 0.003125 0.003125
0 0.033594 0.076563 0.004687 0.003125
0 0.002344 0.075000 0.004687 0.003125
0 0.155469 0.079687 0.010937 0.015625
0 0.140625 0.078125 0.015625 0.012500
0 0.082031 0.076563 0.017188 0.012500
0 0.028906 0.175781 0.057813 0.214062
0 0.157031 0.065625 0.007812 0.003125
0 0.082031 0.065625 0.004687 0.003125
0 0.054688 0.068750 0.006250 0.009375
0 0.040625 0.065625 0.003125 0.003125
0 0.143750 0.066406 0.015625 0.007812
0 0.071875 0.064844 0.003125 0.004687
0 0.088281 0.062500 0.007812 0.006250
0 0.077344 0.062500 0.004687 0.006250
0 0.009375 0.064062 0.009375 0.012500
0 0.147656 0.060156 0.007812 0.010937
0 0.125000 0.056250 0.003125 0.003125
0 0.151562 0.054688 0.003125 0.003125
0 0.240625 0.053125 0.003125 0.003125
0 0.162500 0.053906 0.003125 0.004687
0 0.089063 0.054688 0.009375 0.006250
0 0.767188 0.055469 0.009375 0.010937
0 0.143750 0.051562 0.003125 0.003125
0 0.054688 0.056250 0.015625 0.012500
0 0.001563 0.055469 0.003125 0.010937
0 0.164844 0.047656 0.004687 0.004687
0 0.057031 0.047656 0.004687 0.004687
0 0.157031 0.046094 0.004687 0.004687
0 0.150000 0.046875 0.006250 0.006250
0 0.056250 0.042188 0.006250 0.003125
0 0.150000 0.041406 0.003125 0.004687
0 0.001563 0.039062 0.003125 0.006250
0 0.402344 0.042188 0.010937 0.015625
0 0.298438 0.026562 0.003125 0.003125
0 0.742188 0.011719 0.003125 0.004687